20220124-14:13:40,24.203598022460938,22.261138916015625,-0.003982773050665855,0.07136494666337967
20220124-14:13:55,23.899093627929688,22.666015625,-0.003942260984331369,0.06561397761106491
20220124-14:14:11,23.650650024414062,22.745697021484375,-0.003981399815529585,0.06335797160863876
20220124-14:14:26,23.436172485351562,22.769775390625,-0.00389740034006536,0.06228312849998474
20220124-14:14:41,23.248458862304688,22.731689453125,-0.00393928587436676,0.06151869520545006
20220124-14:14:56,23.084945678710938,22.733306884765625,-0.0038635258097201586,0.0610145665705204
20220124-14:15:11,22.939865112304688,22.730865478515625,-0.003919830545783043,0.06042424589395523
20220124-14:15:26,22.811050415039062,22.693603515625,-0.0038662722799926996,0.06005321070551872
20220124-14:15:41,22.686080932617188,22.583465576171875,-0.003961716312915087,0.05983995273709297
20220124-14:15:56,22.577011108398438,22.56829833984375,-0.004052582662552595,0.059495680034160614
20220124-14:16:11,22.484970092773438,22.6099853515625,-0.003977280110120773,0.05900811031460762
20220124-14:16:26,22.401321411132812,22.553619384765625,-0.004015503451228142,0.05866389721632004
20220124-14:16:42,22.321945190429688,22.516021728515625,-0.004038849379867315,0.05844176188111305
20220124-14:16:57,22.247207641601562,22.48602294921875,-0.003997421823441982,0.047957196831703186
20220124-14:17:12,25.122268676757812,17.80938720703125,2.9287259578704834,1.0217605829238892
20220124-14:17:27,28.145065307617188,14.58880615234375,3.516620635986328,1.2574018239974976
20220124-14:17:42,31.165573120117188,12.98358154296875,3.8667478561401367,1.4091267585754395
20220124-14:17:57,34.18592834472656,12.2806396484375,4.137825012207031,1.5315974950790405
20220124-14:18:12,37.20396423339844,12.0582275390625,4.378385543823242,1.6475417613983154
20220124-14:18:27,40.22352600097656,12.0435791015625,4.5850090980529785,1.7538399696350098
20220124-14:18:42,43.24229431152344,12.224029541015625,4.7675862312316895,1.8464562892913818
20220124-14:18:57,46.25837707519531,12.535614013671875,4.943446159362793,1.9431191682815552
20220124-14:19:13,49.27958679199219,13.023193359375,5.075229644775391,2.020240306854248
20220124-14:19:28,52.31687927246094,13.490081787109375,5.2279887199401855,2.1082088947296143
20220124-14:19:43,55.33210754394531,14.006072998046875,5.3656439781188965,2.1927382946014404
20220124-14:19:58,58.35829162597656,14.486541748046875,5.497616291046143,2.269806385040283
20220124-14:20:13,61.37318420410156,15.1109619140625,5.671176910400391,2.368304967880249
20220124-14:20:28,64.39375305175781,15.69500732421875,5.737297534942627,2.4212074279785156
20220124-14:20:43,67.41261291503906,16.313232421875,5.872856616973877,2.508350372314453
20220124-14:20:58,70.43055725097656,16.86529541015625,5.983997344970703,2.5786232948303223
20220124-14:21:13,73.35716247558594,17.530548095703125,5.969456195831299,2.6000094413757324
20220124-14:21:29,75.12989807128906,18.85546875,2.770716905593872,1.4015991687774658
20220124-14:21:44,71.68910217285156,21.97637939453125,2.7977237701416016,1.3587881326675415
20220124-14:21:59,68.66532897949219,23.66845703125,2.335606575012207,1.1547648906707764
20220124-14:22:14,65.64430236816406,24.809356689453125,1.9414156675338745,0.9837878346443176
20220124-14:22:29,64.98951721191406,23.40252685546875,3.641425132751465,1.5916194915771484
20220124-14:22:44,64.99516296386719,21.862152099609375,3.7654097080230713,1.6452195644378662
20220124-14:22:59,64.99833679199219,21.090179443359375,3.8368186950683594,1.6716877222061157
20220124-14:23:14,65.00343322753906,20.66912841796875,3.7875213623046875,1.6588363647460938
20220124-14:23:29,64.99879455566406,20.465576171875,3.865299940109253,1.6870349645614624
20220124-14:23:44,64.99809265136719,20.403228759765625,3.8939521312713623,1.6996334791183472
20220124-14:24:00,65.00059509277344,20.25286865234375,3.9394659996032715,1.715029239654541
20220124-14:24:15,65.00099182128906,20.10565185546875,3.9088168144226074,1.7052943706512451
20220124-14:24:30,64.99983215332031,20.1156005859375,3.896059989929199,1.7002956867218018
20220124-14:24:45,65.00325012207031,20.116424560546875,3.864328622817993,1.690112590789795
20220124-14:25:00,64.99964904785156,20.19378662109375,3.889448642730713,1.6977277994155884
20220124-14:25:15,64.99720764160156,20.2298583984375,3.89404296875,1.6992340087890625
20220124-14:25:30,64.99867248535156,20.329559326171875,3.933229684829712,1.713152289390564
20220124-14:25:45,65.00282287597656,20.389801025390625,3.8681740760803223,1.6894283294677734
20220124-14:26:00,65.00181579589844,20.264190673828125,3.8606715202331543,1.6873406171798706
20220124-14:26:16,64.99906921386719,20.178436279296875,3.8819637298583984,1.694345474243164
20220124-14:26:31,64.99049377441406,20.459228515625,3.881638288497925,1.693525791168213
20220124-14:26:46,65.00123596191406,20.43853759765625,3.846144437789917,1.6784511804580688
20220124-14:27:01,65.00047302246094,20.3580322265625,3.8363351821899414,1.6759010553359985
20220124-14:27:16,65.00248718261719,20.25799560546875,3.8231160640716553,1.667935848236084
20220124-14:27:31,63.31782531738281,21.626007080078125,2.5641701221466064,1.1999928951263428
20220124-14:27:46,61.07090759277344,23.021087646484375,2.0083844661712646,0.9811016917228699
20220124-14:28:01,58.80509948730469,24.0113525390625,1.720844030380249,0.8563085198402405
20220124-14:28:16,56.54685974121094,24.73675537109375,1.4373562335968018,0.7394559383392334
20220124-14:28:31,54.27934265136719,25.322509765625,1.1803457736968994,0.6300938129425049
20220124-14:28:47,52.01203918457031,25.958160400390625,0.9089568853378296,0.516677737236023
20220124-14:29:02,49.74864196777344,26.398345947265625,0.6032372117042542,0.4009706676006317
20220124-14:29:17,47.48634338378906,27.0472412109375,0.28333649039268494,0.2674561142921448
20220124-14:29:32,45.21751403808594,27.8636474609375,0.041506581008434296,0.16615471243858337
20220124-14:29:47,42.95866394042969,28.753662109375,-0.3834858238697052,0.006180268712341785
20220124-14:30:02,40.68940734863281,29.838226318359375,-0.7061575055122375,-0.1251591444015503
20220124-14:30:17,38.42579650878906,30.9691162109375,-1.1036427021026611,-0.28121912479400635
20220124-14:30:32,36.14884948730469,32.61920166015625,-1.6363885402679443,-0.4975817799568176
20220124-14:30:47,33.88581848144531,34.84979248046875,-2.2128641605377197,-0.7193675637245178
20220124-14:31:02,31.616195678710938,38.11761474609375,-2.9961888790130615,-1.035815715789795
20220124-14:31:18,29.552597045898438,42.12811279296875,-3.3036632537841797,-1.200005054473877
20220124-14:31:33,28.055099487304688,43.83087158203125,-3.2429473400115967,-1.2000118494033813
20220124-14:31:48,26.806442260742188,44.2310791015625,-3.217430591583252,-1.2000048160552979
20220124-14:32:03,25.714492797851562,44.1126708984375,-3.209801435470581,-1.1999996900558472
20220124-14:32:18,24.869125366210938,43.51885986328125,-1.6100748777389526,-0.632386326789856
20220124-14:32:33,26.764541625976562,32.687225341796875,1.3196163177490234,0.4339674413204193
20220124-14:32:48,29.035110473632812,24.09344482421875,2.2618401050567627,0.8022475242614746
20220124-14:33:03,31.302230834960938,19.204132080078125,2.814202308654785,1.0243850946426392
20220124-14:33:18,33.56498718261719,16.59124755859375,3.2103865146636963,1.1848387718200684
20220124-14:33:33,35.83018493652344,15.184814453125,3.483916997909546,1.3062412738800049
20220124-14:33:49,38.09718322753906,14.507598876953125,3.69779896736145,1.3999038934707642
20220124-14:34:04,40.37715148925781,14.19061279296875,3.9038941860198975,1.4865844249725342
20220124-14:34:19,42.64253234863281,14.06756591796875,4.050342559814453,1.562396764755249
20220124-14:34:34,44.90733337402344,14.113006591796875,4.212693214416504,1.6407747268676758
20220124-14:34:49,47.17070007324219,14.2274169921875,4.360339164733887,1.713908314704895
20220124-14:35:04,49.43281555175781,14.515533447265625,4.51984167098999,1.792755365371704
20220124-14:35:19,51.69679260253906,14.787689208984375,4.655272006988525,1.8639734983444214
20220124-14:35:34,53.96070861816406,15.0145263671875,4.776371955871582,1.9300189018249512
20220124-14:35:49,56.22505187988281,15.29632568359375,4.880415439605713,1.995069146156311
20220124-14:36:04,58.49180603027344,15.6761474609375,4.963129043579102,2.0472376346588135
20220124-14:36:20,60.75297546386719,16.08612060546875,5.109529972076416,2.1257174015045166
20220124-14:36:35,63.01502990722656,16.518280029296875,5.215525150299072,2.189763069152832
20220124-14:36:50,65.29206848144531,16.91143798828125,5.29449987411499,2.245556592941284
20220124-14:37:05,67.56309509277344,17.316986083984375,5.403197288513184,2.3098509311676025
20220124-14:37:20,69.82829284667969,17.754119873046875,5.513338088989258,2.3767964839935303
20220124-14:37:35,69.22889709472656,19.99847412109375,2.922689437866211,1.3893905878067017
20220124-14:37:50,66.20280456542969,22.612762451171875,2.236161231994629,1.106624960899353
20220124-14:38:05,63.18244934082031,24.379669189453125,1.7146505117416382,0.8903727531433105
20220124-14:38:20,60.16203308105469,25.641754150390625,1.2994641065597534,0.7130328416824341
20220124-14:38:36,59.99360656738281,23.420867919921875,3.21701979637146,1.3946149349212646
20220124-14:38:51,59.99586486816406,21.855316162109375,3.354496955871582,1.450355887413025
20220124-14:39:06,59.99702453613281,20.980865478515625,3.435292959213257,1.4818832874298096
20220124-14:39:21,60.00025939941406,20.454132080078125,3.4326841831207275,1.4835783243179321
20220124-14:39:36,60.00080871582031,20.170745849609375,3.4569733142852783,1.4939957857131958
20220124-14:39:51,59.99867248535156,20.0538330078125,3.534942626953125,1.5212100744247437
20220124-14:40:06,59.99900817871094,19.888092041015625,3.5393588542938232,1.527466893196106
20220124-14:40:21,59.99638366699219,19.840789794921875,3.562412738800049,1.5316689014434814
20220124-14:40:36,60.00193786621094,19.9000244140625,3.4840948581695557,1.5062799453735352
20220124-14:40:51,60.00209045410156,19.838531494140625,3.495344638824463,1.5083563327789307
20220124-14:41:07,59.99971008300781,19.777984619140625,3.5092599391937256,1.5148829221725464
20220124-14:41:22,59.99836730957031,19.801177978515625,3.520439386367798,1.518906831741333
20220124-14:41:37,60.00035095214844,19.83721923828125,3.533989429473877,1.523459553718567
20220124-14:41:52,59.99848937988281,19.745208740234375,3.5559656620025635,1.534450888633728
20220124-14:42:07,60.00233459472656,19.741607666015625,3.509650468826294,1.5137553215026855
20220124-14:42:22,60.00193786621094,19.84600830078125,3.4926254749298096,1.50822913646698
20220124-14:42:37,59.99864196777344,19.87750244140625,3.502821207046509,1.510992407798767
20220124-14:42:52,60.00224304199219,19.7974853515625,3.502443790435791,1.5112720727920532
20220124-14:43:07,60.00263977050781,19.777984619140625,3.4737300872802734,1.5015877485275269
20220124-14:43:22,59.99159240722656,19.90338134765625,1.3557825088500977,0.7857860922813416
20220124-14:43:38,56.84965515136719,23.108123779296875,1.1594934463500977,0.6565884947776794
20220124-14:43:53,53.81785583496094,25.58111572265625,0.6252639889717102,0.43176889419555664
20220124-14:44:08,50.79240417480469,27.80780029296875,0.07855500280857086,0.216595858335495
20220124-14:44:23,47.78117370605469,29.741668701171875,-0.5072531700134277,-0.015051658265292645
20220124-14:44:38,44.76213073730469,31.53179931640625,-1.074334740638733,-0.23711605370044708
20220124-14:44:53,41.74470520019531,34.043212890625,-1.824002981185913,-0.5368881821632385
20220124-14:45:08,38.70573425292969,37.2139892578125,-2.5758161544799805,-0.8468613624572754
20220124-14:45:23,35.74864196777344,42.378387451171875,-3.361220359802246,-1.1999995708465576
20220124-14:45:38,33.52638244628906,45.168182373046875,-3.2633821964263916,-1.199999213218689
20220124-14:45:53,31.736892700195312,45.843841552734375,-3.223021984100342,-1.200007677078247
20220124-14:46:09,30.187881469726562,45.73590087890625,-3.2087912559509277,-1.199978232383728
20220124-14:46:24,28.823776245117188,45.507293701171875,-3.2017383575439453,-1.1999919414520264
20220124-14:46:39,27.597335815429688,45.152496337890625,-3.198680877685547,-1.199997067451477
20220124-14:46:54,26.485397338867188,44.78033447265625,-3.198392391204834,-1.1999958753585815
20220124-14:47:09,25.495223999023438,44.57501220703125,-3.1920697689056396,-1.1999808549880981
20220124-14:47:24,24.951187133789062,42.57281494140625,-1.6822123527526855,-0.6476321816444397
20220124-14:47:39,25.949234008789062,34.480865478515625,1.016677737236023,0.31667837500572205
20220124-14:47:54,28.229141235351562,25.340057373046875,2.084916353225708,0.7329174280166626
20220124-14:48:09,30.512710571289062,19.90911865234375,2.6690146923065186,0.9676732420921326
20220124-14:48:25,32.77735900878906,16.875518798828125,3.09765362739563,1.1421369314193726
20220124-14:48:40,35.04475402832031,15.426422119140625,3.358261823654175,1.2559306621551514
20220124-14:48:55,37.30690002441406,14.633056640625,3.6138761043548584,1.3662842512130737
20220124-14:49:10,39.57353210449219,14.317047119140625,3.807382822036743,1.4517916440963745
20220124-14:49:25,41.83668518066406,14.188934326171875,3.994659423828125,1.5418263673782349
20220124-14:49:40,44.10023498535156,14.16375732421875,4.164541721343994,1.6170891523361206
20220124-14:49:55,46.36473083496094,14.210296630859375,4.309935569763184,1.6903202533721924
20220124-14:50:10,48.62995910644531,14.416351318359375,4.428887844085693,1.751964807510376
20220124-14:50:25,50.90849304199219,14.654693603515625,4.579551696777344,1.8289207220077515
20220124-14:50:40,53.17393493652344,14.97454833984375,4.692357540130615,1.892381191253662
20220124-14:50:56,55.43675231933594,15.36834716796875,4.816733360290527,1.961676001548767
20220124-14:51:11,57.70246887207031,15.6480712890625,4.914550304412842,2.0206658840179443
20220124-14:51:26,59.96781921386719,16.10546875,5.013711929321289,2.081127405166626
20220124-14:51:41,61.07713317871094,17.34912109375,2.5331673622131348,1.1966700553894043
20220124-14:51:56,57.91401672363281,21.113311767578125,1.6366063356399536,0.8365774154663086
20220124-14:52:11,54.89030456542969,23.7432861328125,1.0253379344940186,0.5924937129020691
20220124-14:52:26,51.86698913574219,25.824859619140625,0.5009282231330872,0.3794161081314087
20220124-14:52:41,49.97605895996094,25.870086669921875,2.178685426712036,0.9338779449462891
20220124-14:52:56,49.99693298339844,22.9566650390625,2.5000669956207275,1.0579664707183838
20220124-14:53:11,49.99971008300781,21.273773193359375,2.6473703384399414,1.117666244506836
20220124-14:53:27,49.99845886230469,20.390106201171875,2.6936089992523193,1.1386200189590454
20220124-14:53:42,49.99711608886719,19.95745849609375,2.7806897163391113,1.1692261695861816
20220124-14:53:57,50.00239562988281,19.654571533203125,2.776423215866089,1.1697618961334229
20220124-14:54:12,49.99958801269531,19.32012939453125,2.8394789695739746,1.1917630434036255
20220124-14:54:27,50.00157165527344,19.145965576171875,2.8403162956237793,1.193489909172058
20220124-14:54:42,49.99778747558594,19.050140380859375,2.8650877475738525,1.201508641242981
20220124-14:54:57,49.99928283691406,19.095977783203125,2.837790012359619,1.1923106908798218
20220124-14:55:12,49.99824523925781,19.02435302734375,2.8619213104248047,1.202040672302246
20220124-14:55:27,50.00117492675781,19.067535400390625,2.862609624862671,1.2008652687072754
20220124-14:55:42,50.00071716308594,19.026336669921875,2.8586387634277344,1.199751853942871
20220124-14:55:58,50.00184631347656,18.9844970703125,2.8428351879119873,1.1924742460250854
20220124-14:56:13,50.00041198730469,18.9508056640625,2.864311695098877,1.2020140886306763
20220124-14:56:28,50.00163269042969,18.909515380859375,2.848790407180786,1.1964924335479736
20220124-14:56:43,49.99797058105469,18.997833251953125,2.8668360710144043,1.2021411657333374
20220124-14:56:58,50.00001525878906,19.03289794921875,2.8503193855285645,1.196517825126648
20220124-14:57:13,49.99876403808594,19.06036376953125,2.868382453918457,1.20245361328125
20220124-14:57:28,49.29307556152344,19.9417724609375,1.388744592666626,0.695796012878418
20220124-14:57:43,47.00346374511719,22.597686767578125,0.7899874448776245,0.47160017490386963
20220124-14:57:58,44.73838806152344,24.7489013671875,0.3157486021518707,0.2794003486633301
20220124-14:58:13,42.46629333496094,26.5130615234375,0.008876953274011612,0.14889061450958252
20220124-14:58:29,40.19264221191406,28.077850341796875,-0.5744633078575134,-0.06835011392831802
20220124-14:58:44,37.93009948730469,29.70660400390625,-1.0618860721588135,-0.2583194971084595
20220124-14:58:59,35.66551208496094,31.758697509765625,-1.5916213989257812,-0.46796950697898865
20220124-14:59:14,33.40409851074219,33.840240478515625,-2.140780210494995,-0.6844567656517029
20220124-14:59:29,31.134414672851562,37.134368896484375,-3.0039634704589844,-1.0213210582733154
20220124-14:59:44,29.025863647460938,41.350982666015625,-3.31305193901062,-1.2000066041946411
20220124-14:59:59,27.550857543945312,43.70220947265625,-3.238140344619751,-1.1999990940093994
20220124-15:00:14,26.352951049804688,44.35626220703125,-3.207226276397705,-1.2000062465667725
20220124-15:00:29,25.339004516601562,44.41522216796875,-3.1951792240142822,-1.1999890804290771
20220124-15:00:44,24.992538452148438,41.11639404296875,-1.6358904838562012,-0.6199913620948792
20220124-15:01:00,25.784439086914062,33.95928955078125,1.0714366436004639,0.3372821509838104
20220124-15:01:15,28.078994750976562,25.051788330078125,2.052539825439453,0.7242883443832397
20220124-15:01:30,30.345504760742188,19.7982177734375,2.693063974380493,0.9758132100105286
20220124-15:01:45,32.60908508300781,16.886383056640625,3.107257604598999,1.1423362493515015
20220124-15:02:00,34.87452697753906,15.310882568359375,3.3977911472320557,1.2707237005233765
20220124-15:02:15,37.14192199707031,14.425994873046875,3.60263729095459,1.3629153966903687
20220124-15:02:30,39.42146301269531,14.077056884765625,3.8150532245635986,1.4518606662750244
20220124-15:02:45,41.68254089355469,13.99224853515625,4.021151542663574,1.548828363418579
20220124-15:03:00,43.94721984863281,14.066162109375,4.17932653427124,1.6221578121185303
20220124-15:03:16,46.21128845214844,14.234283447265625,4.32940673828125,1.697426438331604
20220124-15:03:31,48.47828674316406,14.438201904296875,4.433212757110596,1.755496859550476
20220124-15:03:46,47.09519958496094,18.16143798828125,1.0189197063446045,0.57225102186203
20220124-15:04:01,44.06602478027344,22.669830322265625,0.037636648863554,0.19688762724399567
20220124-15:04:16,41.04396057128906,26.471710205078125,-0.7719983458518982,-0.12082600593566895
20220124-15:04:31,38.02403259277344,30.3988037109375,-1.682794213294983,-0.4786534011363983
20220124-15:04:46,36.99125671386719,29.319854736328125,0.8215991258621216,0.3626291751861572
20220124-15:05:01,36.99650573730469,25.448486328125,1.2438393831253052,0.5250824689865112
20220124-15:05:16,36.99757385253906,23.04052734375,1.458655595779419,0.6088125109672546
20220124-15:05:31,37.00007629394531,21.511932373046875,1.5485492944717407,0.6495142579078674
20220124-15:05:47,37.00093078613281,20.630035400390625,1.640175223350525,0.6818282604217529
20220124-15:06:02,37.00178527832031,20.156097412109375,1.6929813623428345,0.7012917995452881
20220124-15:06:17,36.99986267089844,19.803070068359375,1.7295973300933838,0.7174730896949768
20220124-15:06:32,36.99961853027344,19.649444580078125,1.7478359937667847,0.7266862392425537
20220124-15:06:47,36.99891662597656,19.487274169921875,1.7647114992141724,0.7307212352752686
20220124-15:07:02,36.99986267089844,19.380950927734375,1.7572352886199951,0.7287746071815491
20220124-15:07:17,36.99885559082031,19.297454833984375,1.7713459730148315,0.7328486442565918
20220124-15:07:32,36.99851989746094,19.530120849609375,1.7615611553192139,0.7288775444030762
20220124-15:07:47,36.99961853027344,19.393341064453125,1.7997344732284546,0.7431144118309021
20220124-15:08:02,37.00007629394531,19.26409912109375,1.782704472541809,0.7367872595787048
20220124-15:08:18,37.00059509277344,19.2354736328125,1.7795528173446655,0.7356097102165222
20220124-15:08:33,37.00248718261719,19.259063720703125,1.7448992729187012,0.7262427806854248
20220124-15:08:48,36.99891662597656,19.270477294921875,1.8003484010696411,0.7419952750205994
20220124-15:09:03,36.99848937988281,19.2886962890625,1.785206913948059,0.7377173900604248
20220124-15:09:18,36.99980163574219,19.2091064453125,1.7805370092391968,0.736791729927063
20220124-15:09:33,36.99964904785156,19.241607666015625,1.784613847732544,0.7376967072486877
20220124-15:09:48,34.94743347167969,22.843902587890625,-0.5104866027832031,-0.0453903004527092
20220124-15:10:03,32.67366027832031,26.873504638671875,-1.3215820789337158,-0.35444965958595276
20220124-15:10:18,30.413101196289062,31.003082275390625,-2.2074532508850098,-0.6986727118492126
20220124-15:10:33,28.143386840820312,35.83758544921875,-3.2544708251953125,-1.1411281824111938
20220124-15:10:49,26.243789672851562,40.777557373046875,-3.303785800933838,-1.2000068426132202
20220124-15:11:04,24.951034545898438,42.523162841796875,-3.2389538288116455,-1.1998906135559082
20220124-15:11:19,24.992202758789062,37.474517822265625,-1.1346781253814697,-0.42112094163894653
20220124-15:11:34,25.480239868164062,31.3521728515625,-0.0037158969789743423,0.014853847213089466
20220124-15:11:49,25.739944458007812,27.27081298828125,-0.0039024357683956623,0.04646015912294388
20220124-15:12:04,25.698165893554688,25.32574462890625,-0.0038074497133493423,0.05920669436454773
20220124-15:12:19,25.552627563476562,24.409088134765625,-0.00384819065220654,0.06329292804002762
20220124-15:12:34,25.373519897460938,23.91668701171875,-0.0038523105904459953,0.06557987630367279
20220124-15:12:49,25.188583374023438,23.6807861328125,-0.003939514514058828,0.06624850630760193
20220124-15:13:04,25.015762329101562,23.576446533203125,-0.003879776457324624,0.06593653559684753
20220124-15:13:20,24.845565795898438,23.4454345703125,-0.003966293763369322,0.06565198302268982
20220124-15:13:35,24.683273315429688,23.3170166015625,-0.004030609969049692,0.06532568484544754
20220124-15:13:50,24.537673950195312,23.349700927734375,-0.00397338904440403,0.06476353108882904
20220124-15:14:05,24.398422241210938,23.26702880859375,-0.00409606983885169,0.06425662338733673
20220124-15:14:20,24.271835327148438,23.215667724609375,-0.004075699485838413,0.06374537199735641
20220124-15:14:35,24.149612426757812,23.174102783203125,-0.004023285582661629,0.06335283815860748
20220124-15:14:50,24.036819458007812,23.157989501953125,-0.004040451720356941,0.06304913759231567
20220124-15:15:05,23.930709838867188,23.160430908203125,-0.004035416524857283,0.06258969008922577
