20220124-14:16:28,21.552322387695312,22.399688720703125,-0.003113937797024846,0.05347255617380142
20220124-14:16:43,21.556777954101562,22.388427734375,-0.0030045323073863983,0.053624894469976425
20220124-14:16:58,21.558822631835938,22.359130859375,-0.003132477169856429,0.05367201566696167
20220124-14:17:13,21.562942504882812,22.379150390625,-0.003137970343232155,0.05367736890912056
20220124-14:17:28,21.565933227539062,22.374725341796875,-0.003023300552740693,0.053703512996435165
20220124-14:17:43,21.584609985351562,22.41168212890625,2.6009349822998047,0.6911498308181763
20220124-14:17:58,24.547286987304688,18.300994873046875,2.607232093811035,0.7496918439865112
20220124-14:18:13,27.570053100585938,15.695037841796875,3.2587907314300537,0.9582957625389099
20220124-14:18:29,30.596237182617188,14.35308837890625,3.6407151222229004,1.0918487310409546
20220124-14:18:44,33.61686706542969,13.7327880859375,3.9772274494171143,1.213041067123413
20220124-14:18:59,36.64024353027344,13.58160400390625,4.178046703338623,1.3008145093917847
20220124-14:19:14,39.66127014160156,13.692535400390625,4.427577018737793,1.3973952531814575
20220124-14:19:29,42.67747497558594,13.792724609375,4.687473297119141,1.4998960494995117
20220124-14:19:44,45.69563293457031,14.073974609375,4.890315055847168,1.5840623378753662
20220124-14:19:59,48.71577453613281,14.481292724609375,5.104282855987549,1.6744935512542725
20220124-14:20:14,51.74269104003906,14.782562255859375,5.194927215576172,1.7330862283706665
20220124-14:20:29,54.75376892089844,15.243743896484375,5.422834396362305,1.8299657106399536
20220124-14:20:44,57.78157043457031,15.725250244140625,5.516245365142822,1.8902385234832764
20220124-14:21:00,60.79652404785156,16.18853759765625,5.666579246520996,1.9686298370361328
20220124-14:21:15,63.82060241699219,16.652923583984375,5.773250579833984,2.0341992378234863
20220124-14:21:30,66.84901428222656,17.149627685546875,5.919689655303955,2.1120429039001465
20220124-14:21:45,69.86167907714844,17.658416748046875,6.0255537033081055,2.179675340652466
20220124-14:22:00,72.88011169433594,18.19775390625,6.21873140335083,2.2748260498046875
20220124-14:22:15,73.80369567871094,19.859375,3.756446123123169,1.5163934230804443
20220124-14:22:30,70.70671081542969,21.696624755859375,3.342839241027832,1.3531795740127563
20220124-14:22:45,67.70292663574219,23.009521484375,2.604590654373169,1.0991764068603516
20220124-14:23:00,64.80561828613281,23.74810791015625,4.267109394073486,1.5467512607574463
20220124-14:23:15,64.96965026855469,22.09600830078125,4.032821178436279,1.4987363815307617
20220124-14:23:31,65.00599670410156,21.240081787109375,3.904456377029419,1.4654018878936768
20220124-14:23:46,64.98396301269531,20.865753173828125,4.120964050292969,1.531435251235962
20220124-14:24:01,65.00346374511719,20.675384521484375,3.9511563777923584,1.483908772468567
20220124-14:24:16,65.00962829589844,20.551910400390625,3.919471263885498,1.4739805459976196
20220124-14:24:31,64.98707580566406,20.578369140625,4.190393447875977,1.5524592399597168
20220124-14:24:46,64.98939514160156,20.363525390625,4.179454803466797,1.5535176992416382
20220124-14:25:01,64.99784851074219,20.268829345703125,4.163852214813232,1.549135684967041
20220124-14:25:16,64.98402404785156,20.25970458984375,4.246193885803223,1.5696531534194946
20220124-14:25:31,65.00593566894531,20.35357666015625,4.023899078369141,1.505384922027588
20220124-14:25:46,64.99400329589844,20.45819091796875,4.060133457183838,1.514548420906067
20220124-14:26:02,64.98323059082031,20.046112060546875,4.804549694061279,1.7390531301498413
20220124-14:26:17,65.01277160644531,19.480926513671875,4.383256912231445,1.6131675243377686
20220124-14:26:32,65.00187683105469,19.548309326171875,4.410833835601807,1.6209936141967773
20220124-14:26:47,64.99043273925781,19.673980712890625,4.471410274505615,1.6372114419937134
20220124-14:27:02,64.99998474121094,19.681610107421875,4.336756229400635,1.5989811420440674
20220124-14:27:17,64.99653625488281,19.66717529296875,4.391223907470703,1.6153039932250977
20220124-14:27:32,65.00318908691406,19.786773681640625,4.282912254333496,1.5835325717926025
20220124-14:27:47,64.99421691894531,19.8565673828125,4.345680236816406,1.5969346761703491
20220124-14:28:02,65.01637268066406,19.9700927734375,4.190596103668213,1.5541431903839111
20220124-14:28:17,63.28916931152344,21.426605224609375,2.817230701446533,1.129590630531311
20220124-14:28:33,61.02537536621094,22.511444091796875,2.322286605834961,0.9620769023895264
20220124-14:28:48,58.75395202636719,23.23553466796875,2.1837096214294434,0.8978756666183472
20220124-14:29:03,56.49098205566406,23.739654541015625,1.817368507385254,0.7668594717979431
20220124-14:29:18,54.22825622558594,24.096771240234375,1.5085357427597046,0.6694017648696899
20220124-14:29:33,51.96205139160156,24.50567626953125,1.2121814489364624,0.5636017322540283
20220124-14:29:48,49.69422912597656,24.92529296875,0.9105312824249268,0.4604903757572174
20220124-14:30:03,47.42744445800781,25.40423583984375,0.659791111946106,0.37178805470466614
20220124-14:30:18,45.16175842285156,26.039520263671875,0.2985004782676697,0.25155961513519287
20220124-14:30:33,42.88420104980469,26.69775390625,0.17030641436576843,0.18313638865947723
20220124-14:30:49,40.63194274902344,27.6966552734375,-0.46401309967041016,0.0018122988985851407
20220124-14:31:04,38.36360168457031,28.736602783203125,-0.8233196139335632,-0.11759495735168457
20220124-14:31:19,36.09638977050781,29.92694091796875,-1.240831732749939,-0.25671330094337463
20220124-14:31:34,33.83244323730469,31.49822998046875,-1.7986388206481934,-0.43275952339172363
20220124-14:31:49,31.568496704101562,33.610626220703125,-2.351823091506958,-0.6301458477973938
20220124-14:32:04,29.305007934570312,36.4063720703125,-3.1457672119140625,-0.8830142617225647
20220124-14:32:19,27.032882690429688,40.798919677734375,-4.056090354919434,-1.1999930143356323
20220124-14:32:34,25.282394409179688,43.555084228515625,-3.9106829166412354,-1.1999975442886353
20220124-14:32:49,24.989822387695312,38.08453369140625,-1.364943027496338,-0.4386555552482605
20220124-14:33:04,24.997055053710938,32.2960205078125,-0.7985517978668213,-0.23092876374721527
20220124-14:33:20,26.857192993164062,24.438568115234375,1.9952020645141602,0.5723751187324524
20220124-14:33:35,29.125534057617188,19.422821044921875,2.6243252754211426,0.7852771878242493
20220124-14:33:50,31.390640258789062,16.95733642578125,3.095313787460327,0.9413233399391174
20220124-14:34:05,33.65791320800781,15.7064208984375,3.3752248287200928,1.0424120426177979
20220124-14:34:20,35.92427062988281,15.106964111328125,3.6294469833374023,1.133941411972046
20220124-14:34:35,38.18821716308594,14.85797119140625,3.862644672393799,1.2179112434387207
20220124-14:34:50,40.45729064941406,14.896514892578125,3.9946963787078857,1.2788697481155396
20220124-14:35:05,42.72239685058594,14.96832275390625,4.178966999053955,1.351413369178772
20220124-14:35:20,44.98905944824219,15.12738037109375,4.348282814025879,1.4189631938934326
20220124-14:35:35,47.25444030761719,15.28692626953125,4.48704719543457,1.4814530611038208
20220124-14:35:51,49.51408386230469,15.492828369140625,4.679195880889893,1.5574591159820557
20220124-14:36:06,51.78861999511719,15.7506103515625,4.747042655944824,1.5985816717147827
20220124-14:36:21,54.05787658691406,16.0057373046875,4.851494312286377,1.652046799659729
20220124-14:36:36,56.32191467285156,16.332183837890625,5.000776290893555,1.7181141376495361
20220124-14:36:51,58.58113098144531,16.678314208984375,5.1644768714904785,1.7887638807296753
20220124-14:37:06,60.85139465332031,17.0428466796875,5.251415729522705,1.836423397064209
20220124-14:37:21,63.10832214355469,17.236419677734375,5.42832088470459,1.9205429553985596
20220124-14:37:36,65.38832092285156,17.56292724609375,5.441036701202393,1.9443717002868652
20220124-14:37:51,67.63621520996094,17.91082763671875,5.659028053283691,2.0350964069366455
20220124-14:38:06,69.86009216308594,18.367401123046875,2.914339780807495,1.2467776536941528
20220124-14:38:22,66.58869934082031,21.70361328125,2.5863473415374756,1.0915186405181885
20220124-14:38:37,63.54963684082031,23.432373046875,2.1885039806365967,0.9406984448432922
20220124-14:38:52,60.54011535644531,24.633880615234375,1.617774486541748,0.7463191747665405
20220124-14:39:07,59.99278259277344,22.831085205078125,3.365365505218506,1.2502864599227905
20220124-14:39:22,59.99971008300781,21.35491943359375,3.6214654445648193,1.3339580297470093
20220124-14:39:37,60.00352478027344,20.616485595703125,3.645819664001465,1.342721939086914
20220124-14:39:52,60.00038146972656,20.3199462890625,3.724301338195801,1.3676109313964844
20220124-14:40:07,60.00056457519531,20.181854248046875,3.682553768157959,1.3572486639022827
20220124-14:40:22,60.01310729980469,20.072296142578125,3.6414284706115723,1.3455463647842407
20220124-14:40:37,60.00340270996094,20.115142822265625,3.6599783897399902,1.3518892526626587
20220124-14:40:53,60.00224304199219,20.08074951171875,3.647127151489258,1.3482877016067505
20220124-14:41:08,59.99559020996094,19.949005126953125,3.780580520629883,1.3860994577407837
20220124-14:41:23,60.00752258300781,20.053802490234375,3.6157963275909424,1.3397934436798096
20220124-14:41:38,59.98771667480469,19.94329833984375,3.867180109024048,1.408638596534729
20220124-14:41:53,60.01557922363281,19.126800537109375,4.07937479019165,1.4755946397781372
20220124-14:42:08,60.00559997558594,19.1981201171875,3.9553797245025635,1.4395296573638916
20220124-14:42:23,60.00248718261719,19.2557373046875,3.990950107574463,1.4490185976028442
20220124-14:42:38,59.99787902832031,19.323272705078125,3.987684488296509,1.447641372680664
20220124-14:42:53,60.00382995605469,19.44842529296875,3.9122793674468994,1.4260956048965454
20220124-14:43:09,60.00148010253906,19.415191650390625,3.947108507156372,1.4355989694595337
20220124-14:43:24,60.00764465332031,19.4478759765625,3.8777401447296143,1.4150996208190918
20220124-14:43:39,60.00523376464844,19.56182861328125,3.8470592498779297,1.4070539474487305
20220124-14:43:54,59.22920227050781,20.493682861328125,2.4945907592773438,1.005610704421997
20220124-14:44:09,56.93309020996094,22.338958740234375,1.917618751525879,0.8157463669776917
20220124-14:44:24,54.67890930175781,23.310302734375,1.6473342180252075,0.7147694826126099
20220124-14:44:39,52.40806579589844,24.092742919921875,1.3042055368423462,0.5960662961006165
20220124-14:44:54,50.13862609863281,24.71832275390625,0.9744666218757629,0.4834553897380829
20220124-14:45:09,47.86561584472656,25.2696533203125,0.768543004989624,0.4063276946544647
20220124-14:45:24,45.60597229003906,26.01300048828125,0.3201442360877991,0.2617509067058563
20220124-14:45:40,43.32987976074219,26.73541259765625,0.13704141974449158,0.18957161903381348
20220124-14:45:55,41.07560729980469,27.589202880859375,-0.3285144567489624,0.0426311194896698
20220124-14:46:10,38.80027770996094,28.6385498046875,-0.699489414691925,-0.08070831745862961
20220124-14:46:25,36.53718566894531,30.00970458984375,-1.165149211883545,-0.23372621834278107
20220124-14:46:40,34.27302551269531,31.52203369140625,-1.727677345275879,-0.4148714542388916
20220124-14:46:55,32.00465393066406,33.69219970703125,-2.2575795650482178,-0.5945938229560852
20220124-14:47:10,29.742843627929688,36.344390869140625,-3.054527521133423,-0.8542848229408264
20220124-14:47:25,27.475326538085938,40.54315185546875,-4.073622703552246,-1.2000030279159546
20220124-14:47:40,25.681625366210938,43.460113525390625,-3.917287588119507,-1.200003743171692
20220124-14:47:55,24.965438842773438,40.808990478515625,-1.6572028398513794,-0.5460575222969055
20220124-14:48:11,24.994125366210938,34.209228515625,-0.9934084415435791,-0.3027406632900238
20220124-14:48:26,26.169326782226562,27.311431884765625,2.2956645488739014,0.6237313151359558
20220124-14:48:41,29.237106323242188,20.058074951171875,3.138035297393799,0.91242516040802
20220124-14:48:56,32.26023864746094,16.578338623046875,3.6764092445373535,1.1052979230880737
20220124-14:49:11,35.28224182128906,14.949066162109375,4.060783386230469,1.2453376054763794
20220124-14:49:26,38.28410339355469,14.214385986328125,4.377431392669678,1.366686224937439
20220124-14:49:41,41.30653381347656,14.10015869140625,4.612545490264893,1.4607142210006714
20220124-14:49:56,44.33058166503906,14.24835205078125,4.792294502258301,1.542077660560608
20220124-14:50:11,47.35328674316406,14.413665771484375,5.041787624359131,1.6419341564178467
20220124-14:50:26,50.37348937988281,14.734130859375,5.181242942810059,1.7137080430984497
20220124-14:50:42,53.39311218261719,15.050994873046875,5.4254889488220215,1.8152456283569336
20220124-14:50:57,56.42045593261719,15.47308349609375,5.501779556274414,1.8714420795440674
20220124-14:51:12,59.42939758300781,16.039031982421875,5.755253314971924,1.9791429042816162
20220124-14:51:27,57.42997741699219,19.78857421875,2.068035125732422,0.8704118728637695
20220124-14:51:42,54.40330505371094,22.520965576171875,1.391523003578186,0.6480750441551208
20220124-14:51:57,51.39747619628906,24.51324462890625,0.9100557565689087,0.4764270782470703
20220124-14:52:12,49.98197937011719,23.535308837890625,2.680145740509033,0.9578454494476318
20220124-14:52:27,49.99284362792969,21.4442138671875,2.915191173553467,1.0360417366027832
20220124-14:52:42,50.00700378417969,20.26348876953125,2.8869240283966064,1.0361307859420776
20220124-14:52:57,50.00227355957031,19.736572265625,3.0391042232513428,1.079685926437378
20220124-14:53:13,49.99922180175781,19.538116455078125,3.0083506107330322,1.074108362197876
20220124-14:53:28,49.99320983886719,19.44586181640625,3.1302359104156494,1.1068392992019653
20220124-14:53:43,49.99684143066406,19.294281005859375,3.1067841053009033,1.1018120050430298
20220124-14:53:58,49.97947692871094,19.05792236328125,3.516195297241211,1.2147893905639648
20220124-14:54:13,49.99525451660156,18.908599853515625,3.2739181518554688,1.1479556560516357
20220124-14:54:28,50.00529479980469,18.96673583984375,3.1551668643951416,1.1179403066635132
20220124-14:54:43,49.99678039550781,18.971588134765625,3.2196121215820312,1.1346099376678467
20220124-14:54:58,50.02162170410156,18.6251220703125,3.3948068618774414,1.1836148500442505
20220124-14:55:13,50.00288391113281,18.5849609375,3.342141628265381,1.169618844985962
20220124-14:55:28,50.00041198730469,18.610595703125,3.3365209102630615,1.1672981977462769
20220124-14:55:44,50.00175476074219,18.599365234375,3.2536449432373047,1.146084189414978
20220124-14:55:59,49.99607849121094,18.65771484375,3.3193612098693848,1.1631817817687988
20220124-14:56:14,50.00148010253906,18.7747802734375,3.2681326866149902,1.1484686136245728
20220124-14:56:29,49.99916076660156,18.8021240234375,3.276174306869507,1.1508266925811768
20220124-14:56:44,49.99586486816406,18.77880859375,3.310767412185669,1.1546680927276611
20220124-14:56:59,50.00022888183594,18.6890869140625,3.2423808574676514,1.141393780708313
20220124-14:57:14,47.30320739746094,22.601104736328125,0.5329156517982483,0.35746973752975464
20220124-14:57:29,44.27210998535156,25.640380859375,0.05627106502652168,0.18334181606769562
20220124-14:57:44,41.26341247558594,28.0953369140625,-0.9441205859184265,-0.1252901256084442
20220124-14:57:59,38.23411560058594,31.03839111328125,-1.6108009815216064,-0.35610929131507874
20220124-14:58:15,35.22102355957031,34.263397216796875,-2.477250576019287,-0.6422364115715027
20220124-14:58:30,32.19340515136719,38.944305419921875,-3.8593053817749023,-1.1040459871292114
20220124-14:58:45,29.572647094726562,43.744415283203125,-3.962329387664795,-1.1999974250793457
20220124-14:59:00,27.648147583007812,45.10186767578125,-3.8776698112487793,-1.1999965906143188
20220124-14:59:15,26.078475952148438,45.1649169921875,-3.8477683067321777,-1.1999891996383667
20220124-14:59:30,24.882247924804688,44.230712890625,-1.9261904954910278,-0.657564640045166
20220124-14:59:45,24.993301391601562,35.840606689453125,-1.0924956798553467,-0.346820205450058
20220124-15:00:00,26.334487915039062,27.47564697265625,1.8569920063018799,0.5072223544120789
20220124-15:00:15,28.607803344726562,20.90362548828125,2.564034938812256,0.7537709474563599
20220124-15:00:30,30.874496459960938,17.548431396484375,3.058616876602173,0.9246968626976013
20220124-15:00:46,33.14198303222656,15.954010009765625,3.3551177978515625,1.037570834159851
20220124-15:01:01,35.40800476074219,15.19256591796875,3.666250705718994,1.1388168334960938
20220124-15:01:16,37.66197204589844,14.832733154296875,3.885146141052246,1.2202547788619995
20220124-15:01:31,39.92179870605469,14.76348876953125,4.112720489501953,1.3079049587249756
20220124-15:01:46,42.18650817871094,14.73577880859375,4.342764377593994,1.3912098407745361
20220124-15:02:01,44.45179748535156,14.847015380859375,4.498276710510254,1.4568884372711182
20220124-15:02:16,46.72087097167969,15.024993896484375,4.670891761779785,1.5265936851501465
20220124-15:02:31,45.05610656738281,19.738677978515625,0.8574109077453613,0.4518704116344452
20220124-15:02:46,42.06044006347656,23.63824462890625,-0.10006669163703918,0.1431734412908554
20220124-15:03:01,39.03294372558594,26.976226806640625,-0.9518442153930664,-0.13228817284107208
20220124-15:03:17,36.91435241699219,27.919097900390625,1.3941717147827148,0.46738573908805847
20220124-15:03:32,36.99751281738281,23.72320556640625,1.5656018257141113,0.544797956943512
20220124-15:03:47,36.99732971191406,21.627105712890625,1.7547082901000977,0.6097816228866577
20220124-15:04:02,37.00062561035156,20.705902099609375,1.7767952680587769,0.6233033537864685
20220124-15:04:17,36.99858093261719,20.189056396484375,1.8532847166061401,0.6466736793518066
20220124-15:04:32,36.99775695800781,19.85894775390625,1.9180254936218262,0.6653301119804382
20220124-15:04:47,36.99974060058594,19.620330810546875,1.9174773693084717,0.6666890382766724
20220124-15:05:02,36.99806213378906,19.456451416015625,1.9400233030319214,0.6725688576698303
20220124-15:05:17,36.99891662597656,19.331207275390625,1.9324769973754883,0.67323237657547
20220124-15:05:32,36.99589538574219,19.45257568359375,1.9413707256317139,0.6744558215141296
20220124-15:05:48,36.99949645996094,19.455413818359375,1.9428340196609497,0.674466609954834
20220124-15:06:03,37.01411437988281,18.716339111328125,2.233079433441162,0.7534313201904297
20220124-15:06:18,37.00398254394531,18.62799072265625,2.1709084510803223,0.7400478720664978
20220124-15:06:33,36.99909973144531,18.87432861328125,2.0701687335968018,0.7109634876251221
20220124-15:06:48,36.99925231933594,19.0772705078125,2.0189876556396484,0.6985750794410706
20220124-15:07:03,36.99974060058594,19.115997314453125,2.013608932495117,0.6956515908241272
20220124-15:07:18,37.00444030761719,19.230194091796875,1.98538076877594,0.68709796667099
20220124-15:07:33,37.00053405761719,19.159759521484375,2.0259716510772705,0.6975666284561157
20220124-15:07:48,37.00178527832031,19.235076904296875,1.9804679155349731,0.6869307160377502
20220124-15:08:04,36.96601867675781,19.35205078125,-0.26994872093200684,0.10706782341003418
20220124-15:08:19,34.56144714355469,23.827667236328125,-0.5281321406364441,-0.0187110286206007
20220124-15:08:34,32.29139709472656,27.158905029296875,-1.246464729309082,-0.2589889466762543
20220124-15:08:49,30.025894165039062,30.346282958984375,-2.0561156272888184,-0.5160545110702515
20220124-15:09:04,27.760543823242188,34.11334228515625,-2.94710111618042,-0.8080121278762817
20220124-15:09:19,25.487686157226562,39.2554931640625,-4.102953910827637,-1.1999945640563965
20220124-15:09:34,24.996902465820312,35.5289306640625,-0.9890842437744141,-0.31468161940574646
20220124-15:09:49,24.998641967773438,30.048614501953125,-0.5068845748901367,-0.13374191522598267
20220124-15:10:04,25.166183471679688,26.3612060546875,-0.002829895354807377,0.0434204563498497
20220124-15:10:19,25.139053344726562,24.661407470703125,-0.0028097538743168116,0.058274801820516586
20220124-15:10:35,24.993484497070312,23.9398193359375,-0.002804947318509221,0.061938509345054626
20220124-15:10:50,24.816024780273438,23.631195068359375,-0.002891464624553919,0.06303166598081589
20220124-15:11:05,24.638900756835938,23.492034912109375,-0.0027861790731549263,0.06305138766765594
20220124-15:11:20,24.477828979492188,23.482421875,-0.0028960423078387976,0.06240014359354973
20220124-15:11:35,24.317642211914062,23.38848876953125,-0.0028486636001616716,0.062170397490262985
20220124-15:11:50,24.177230834960938,23.372161865234375,-0.0029718021396547556,0.06172483414411545
20220124-15:12:05,24.035629272460938,23.28717041015625,-0.002937927609309554,0.061391230672597885
20220124-15:12:20,23.910324096679688,23.29498291015625,-0.002941589802503586,0.060907911509275436
20220124-15:12:35,23.787979125976562,23.213348388671875,-0.002890549134463072,0.06065812334418297
20220124-15:12:50,23.674911499023438,23.19049072265625,-0.0028678898233920336,0.06024126708507538
20220124-15:13:06,23.573837280273438,23.198333740234375,-0.002941360929980874,0.05976349115371704
20220124-15:13:21,23.483963012695312,23.173553466796875,-0.0028951268177479506,0.05948565527796745
20220124-15:13:36,23.387069702148438,23.0838623046875,-0.002915268298238516,0.05964541807770729
20220124-15:13:51,23.285537719726562,22.95697021484375,-0.0028575900942087173,0.05951506644487381
