20220124-12:24:28,20.925704956054688,21.995086669921875,-0.005855713505297899,0.05269390344619751
20220124-12:24:43,20.945144653320312,21.9947509765625,-0.005850678309798241,0.05282085761427879
20220124-12:24:58,23.340835571289062,19.3731689453125,2.4512763023376465,0.7358751893043518
20220124-12:25:13,25.008163452148438,17.818389892578125,1.2866206169128418,0.4526601731777191
20220124-12:25:28,25.004135131835938,18.5167236328125,1.0794769525527954,0.39234989881515503
20220124-12:25:43,25.003005981445312,19.186614990234375,0.9000406861305237,0.3363141119480133
20220124-12:25:58,25.000259399414062,19.652099609375,0.8553164601325989,0.3251928389072418
20220124-12:26:14,25.000137329101562,19.976226806640625,0.7916246056556702,0.301960289478302
20220124-12:26:29,25.002151489257812,20.23651123046875,0.7074875831604004,0.28220778703689575
20220124-12:26:44,25.000137329101562,20.41375732421875,0.6972797513008118,0.27989470958709717
20220124-12:26:59,25.000564575195312,20.533843994140625,0.6649923324584961,0.2682597041130066
20220124-12:27:14,26.666915893554688,19.135040283203125,2.670023202896118,0.8295385241508484
20220124-12:27:29,29.699203491210938,16.71844482421875,3.3668134212493896,1.052742600440979
20220124-12:27:44,32.71116638183594,15.465606689453125,3.8527605533599854,1.2227873802185059
20220124-12:27:59,35.74287414550781,14.847930908203125,4.200943470001221,1.3522934913635254
20220124-12:28:14,38.77635192871094,14.652374267578125,4.462279796600342,1.4572393894195557
20220124-12:28:29,41.78453063964844,14.701873779296875,4.719109535217285,1.5631827116012573
20220124-12:28:44,44.79804992675781,14.878936767578125,4.907283306121826,1.6463528871536255
20220124-12:29:00,47.83265686035156,15.131195068359375,5.054439067840576,1.7225565910339355
20220124-12:29:15,50.83216857910156,15.4736328125,5.315901756286621,1.8311312198638916
20220124-12:29:30,53.86552429199219,15.872406005859375,5.441764831542969,1.9008903503417969
20220124-12:29:45,56.90119934082031,16.239227294921875,5.588381290435791,1.977381944656372
20220124-12:30:00,59.90348815917969,16.7806396484375,5.681532859802246,2.045400619506836
20220124-12:30:15,62.94142150878906,17.217254638671875,5.853761196136475,2.1293745040893555
20220124-12:30:30,65.95390319824219,17.7529296875,5.967044353485107,2.198983669281006
20220124-12:30:45,68.98793029785156,18.286163330078125,6.0952043533325195,2.273547887802124
20220124-12:31:00,71.98738098144531,18.8294677734375,6.178380489349365,2.339501142501831
20220124-12:31:16,75.04234313964844,19.519683837890625,6.174849510192871,2.3718552589416504
20220124-12:31:31,72.64595031738281,21.35687255859375,3.886486530303955,1.5932426452636719
20220124-12:31:46,69.62428283691406,22.557525634765625,3.240203619003296,1.3587617874145508
20220124-12:32:01,66.60133361816406,23.434417724609375,2.613430976867676,1.1333138942718506
20220124-12:32:16,65.00291442871094,23.10772705078125,3.5941145420074463,1.4183076620101929
20220124-12:32:31,64.99717712402344,22.30078125,3.8587608337402344,1.5040955543518066
20220124-12:32:46,64.99980163574219,21.703460693359375,3.8967931270599365,1.5200525522232056
20220124-12:33:01,65.00077819824219,21.3458251953125,3.9401285648345947,1.5350357294082642
20220124-12:33:16,65.00190734863281,21.224639892578125,3.944786310195923,1.5368399620056152
20220124-12:33:31,65.00361633300781,21.08648681640625,3.947453498840332,1.5402262210845947
20220124-12:33:47,65.00294494628906,21.204132080078125,3.964952230453491,1.5433146953582764
20220124-12:34:02,65.00486755371094,21.262542724609375,3.9423320293426514,1.5355826616287231
20220124-12:34:17,64.99736022949219,21.227569580078125,3.985246181488037,1.5493379831314087
20220124-12:34:32,65.00123596191406,21.130767822265625,3.932537078857422,1.5340893268585205
20220124-12:34:47,63.34178161621094,22.0029296875,2.9094150066375732,1.1999722719192505
20220124-12:35:02,61.37657165527344,22.841156005859375,2.3203046321868896,1.0062791109085083
20220124-12:35:17,58.98979187011719,23.786773681640625,2.06235408782959,0.8948332071304321
20220124-12:35:32,56.70469665527344,24.097869873046875,1.836474061012268,0.8116645812988281
20220124-12:35:47,54.45997619628906,24.515625,1.429747462272644,0.6728401184082031
20220124-12:36:02,52.20460510253906,24.9052734375,1.0751597881317139,0.5503686666488647
20220124-12:36:17,49.92393493652344,25.34429931640625,0.8464036583900452,0.4681643545627594
20220124-12:36:33,47.67359924316406,25.787750244140625,0.42667630314826965,0.324701189994812
20220124-12:36:48,45.38475036621094,26.301483154296875,0.35009223222732544,0.2789824903011322
20220124-12:37:03,43.13261413574219,27.114349365234375,-0.1777743697166443,0.1130046471953392
20220124-12:37:18,40.85530090332031,27.893280029296875,-0.47379761934280396,0.006688762456178665
20220124-12:37:33,38.60118103027344,28.673675537109375,-0.9163002371788025,-0.14178124070167542
20220124-12:37:48,36.33998107910156,29.8953857421875,-1.3410871028900146,-0.28692618012428284
20220124-12:38:03,34.06486511230469,31.101837158203125,-1.8456180095672607,-0.4500601589679718
20220124-12:38:18,31.819351196289062,32.984344482421875,-2.624772071838379,-0.7102930545806885
20220124-12:38:33,29.542800903320312,35.692535400390625,-3.4926931858062744,-1.0013713836669922
20220124-12:38:49,27.392623901367188,39.25128173828125,-3.9526419639587402,-1.1999825239181519
20220124-12:39:04,25.948318481445312,41.253692626953125,-3.8604207038879395,-1.199995517730713
20220124-12:39:19,24.889968872070312,41.77825927734375,-2.32444167137146,-0.7668799161911011
20220124-12:39:34,24.985794067382812,37.116485595703125,-1.7078121900558472,-0.5286751389503479
20220124-12:39:49,24.992538452148438,32.84356689453125,-1.0658669471740723,-0.3046974241733551
20220124-12:40:04,24.996170043945312,29.71832275390625,-0.7151466012001038,-0.1736869513988495
20220124-12:40:19,24.996688842773438,27.41754150390625,-0.39996814727783203,-0.06902717798948288
20220124-12:40:34,24.995834350585938,25.939422607421875,-0.2157106250524521,-0.008202248252928257
20220124-12:40:49,24.998794555664062,24.859161376953125,-0.10606247186660767,0.028891026973724365
20220124-12:41:04,24.998886108398438,24.190643310546875,-0.004986877553164959,0.06285491585731506
20220124-12:41:20,25.002151489257812,23.741455078125,0.02874184027314186,0.07402892410755157
20220124-12:41:35,24.999954223632812,23.371612548828125,0.09356896579265594,0.09602189064025879
20220124-12:41:50,24.999038696289062,23.15753173828125,0.13185907900333405,0.1087452843785286
20220124-12:42:05,24.996932983398438,22.9688720703125,0.2276257574558258,0.13493135571479797
20220124-12:42:20,24.999557495117188,22.926605224609375,0.18205103278160095,0.12495727837085724
20220124-12:42:35,25.000320434570312,22.874359130859375,0.19648386538028717,0.12781168520450592
20220124-12:42:50,24.998489379882812,22.823760986328125,0.24253763258457184,0.14075306057929993
20220124-12:43:05,24.998123168945312,22.76812744140625,0.24509264528751373,0.1443096399307251
20220124-12:43:20,24.998367309570312,22.736663818359375,0.2660476267337799,0.14823640882968903
20220124-12:43:35,25.000717163085938,22.686798095703125,0.2816317081451416,0.15165026485919952
20220124-12:43:51,24.999252319335938,22.591400146484375,0.2977258563041687,0.15734423696994781
20220124-12:44:06,25.000411987304688,22.578033447265625,0.2623922824859619,0.1515137404203415
20220124-12:44:21,24.998794555664062,22.535247802734375,0.2904012203216553,0.15737436711788177
20220124-12:44:36,24.999465942382812,22.535614013671875,0.28939706087112427,0.15703848004341125
20220124-12:44:51,25.000595092773438,22.52593994140625,0.2787232995033264,0.15325932204723358
20220124-12:45:06,25.001449584960938,22.509429931640625,0.2805502116680145,0.15175357460975647
20220124-12:45:21,24.999221801757812,22.43841552734375,0.3328694999217987,0.16688281297683716
20220124-12:45:36,24.999649047851562,22.376800537109375,0.3657589852809906,0.16381342709064484
20220124-12:45:51,24.999343872070312,22.35162353515625,0.33477815985679626,0.16728205978870392
20220124-12:46:06,24.998916625976562,22.350250244140625,0.3239261507987976,0.16787508130073547
20220124-12:46:21,25.002426147460938,22.25189208984375,0.29091182351112366,0.15923911333084106
20220124-12:46:37,24.999710083007812,22.252471923828125,0.35137617588043213,0.17396196722984314
20220124-12:46:52,25.000381469726562,22.2919921875,0.33090972900390625,0.16864019632339478
20220124-12:47:07,25.000473022460938,22.240264892578125,0.33717280626296997,0.1735605001449585
20220124-12:47:22,24.999954223632812,22.33221435546875,0.33922532200813293,0.17591090500354767
20220124-12:47:37,24.999191284179688,22.3150634765625,0.3731602728366852,0.17873553931713104
20220124-12:47:52,25.000259399414062,22.30450439453125,0.35098797082901,0.17163792252540588
20220124-12:48:07,24.999160766601562,22.281890869140625,0.3708282709121704,0.1794072687625885
20220124-12:48:22,25.000808715820312,22.23095703125,0.3488689959049225,0.17412427067756653
20220124-12:48:37,24.999160766601562,22.187469482421875,0.3834068775177002,0.18298161029815674
20220124-12:48:52,25.000289916992188,22.205322265625,0.3504040241241455,0.1742858737707138
20220124-12:49:08,25.000411987304688,22.1739501953125,0.3634442687034607,0.1767183393239975
20220124-12:49:23,25.000289916992188,22.185821533203125,0.37005549669265747,0.17976148426532745
20220124-12:49:38,24.999374389648438,22.07806396484375,0.4108056128025055,0.19176864624023438
20220124-12:49:53,25.000167846679688,22.152679443359375,0.3726164400577545,0.18041731417179108
20220124-12:50:08,25.000167846679688,22.15869140625,0.3682243824005127,0.18032023310661316
20220124-12:50:23,24.998733520507812,22.09893798828125,0.4046873450279236,0.19000877439975739
20220124-12:50:38,25.001113891601562,22.10430908203125,0.383767306804657,0.17761583626270294
20220124-12:50:53,25.000534057617188,22.109222412109375,0.3758997917175293,0.1811269223690033
20220124-12:51:08,24.999954223632812,22.099029541015625,0.37397801876068115,0.18311338126659393
20220124-12:51:23,25.000411987304688,22.076629638671875,0.3724992573261261,0.181326761841774
20220124-12:51:39,25.000350952148438,21.9996337890625,0.39012226462364197,0.18566425144672394
20220124-12:51:54,25.000350952148438,21.9857177734375,0.39349275827407837,0.18720461428165436
20220124-12:52:09,25.000045776367188,21.969573974609375,0.40426045656204224,0.19144733250141144
20220124-12:52:24,25.001113891601562,21.929351806640625,0.38629886507987976,0.18541952967643738
20220124-12:52:39,24.999923706054688,21.948760986328125,0.4231307804584503,0.19497627019882202
20220124-12:52:54,25.000381469726562,21.97503662109375,0.39935624599456787,0.1868395358324051
20220124-12:53:09,24.999984741210938,21.996337890625,0.4199126064777374,0.19175370037555695
20220124-12:53:24,24.999710083007812,21.960205078125,0.41371220350265503,0.1931643784046173
20220124-12:53:39,24.999465942382812,21.934234619140625,0.4467891752719879,0.20101167261600494
20220124-12:53:55,25.001876831054688,21.901611328125,0.3941548466682434,0.18870463967323303
20220124-12:54:10,25.002853393554688,21.912933349609375,0.3520623445510864,0.17732128500938416
20220124-12:54:25,24.999710083007812,21.94183349609375,0.4349178373813629,0.19813399016857147
20220124-12:54:40,24.999496459960938,21.905548095703125,0.4321313202381134,0.19702105224132538
20220124-12:54:55,24.999557495117188,21.888336181640625,0.42165622115135193,0.19844084978103638
20220124-12:55:10,25.001052856445312,21.90289306640625,0.4087015986442566,0.19125723838806152
20220124-12:55:25,25.000991821289062,21.88262939453125,0.40007641911506653,0.19031061232089996
20220124-12:55:40,25.000259399414062,21.91290283203125,0.41428884863853455,0.19284115731716156
20220124-12:55:55,24.999282836914062,21.874847412109375,0.4317174553871155,0.1981273889541626
20220124-12:56:10,25.000228881835938,21.859649658203125,0.4247697591781616,0.19223769009113312
20220124-12:56:26,25.000564575195312,21.858154296875,0.4210074841976166,0.1881389319896698
20220124-12:56:41,25.000503540039062,21.867706298828125,0.3957740068435669,0.1892787516117096
20220124-12:56:56,24.999984741210938,21.844879150390625,0.44028350710868835,0.2017962634563446
20220124-12:57:11,24.997055053710938,21.872955322265625,0.46142569184303284,0.206882044672966
20220124-12:57:26,24.998641967773438,21.924835205078125,0.44228866696357727,0.20161817967891693
20220124-12:57:41,25.000106811523438,21.911773681640625,0.4220677316188812,0.19648046791553497
20220124-12:57:56,25.000259399414062,21.88458251953125,0.43539687991142273,0.2020157277584076
20220124-12:58:11,25.000167846679688,21.836517333984375,0.450313538312912,0.20171627402305603
20220124-12:58:26,24.999984741210938,21.823883056640625,0.45846688747406006,0.2054627686738968
20220124-12:58:41,24.999588012695312,21.807830810546875,0.4419378638267517,0.20291796326637268
20220124-12:58:57,25.000015258789062,21.871185302734375,0.4248870611190796,0.19745337963104248
20220124-12:59:12,25.000167846679688,21.899932861328125,0.42950043082237244,0.19734017550945282
20220124-12:59:27,25.001296997070312,21.833892822265625,0.4339708089828491,0.1983422189950943
20220124-12:59:42,25.000045776367188,21.78363037109375,0.4681468605995178,0.2055586278438568
20220124-12:59:57,24.999282836914062,21.836181640625,0.46751177310943604,0.20682799816131592
20220124-13:00:12,24.999282836914062,21.83880615234375,0.46032199263572693,0.20597608387470245
20220124-13:00:27,25.000686645507812,21.822723388671875,0.41589176654815674,0.19480013847351074
20220124-13:00:42,24.998733520507812,21.828857421875,0.45598626136779785,0.2055056393146515
20220124-13:00:57,25.000869750976562,21.802215576171875,0.43892472982406616,0.20087964832782745
20220124-13:01:12,25.001266479492188,21.8121337890625,0.4263050854206085,0.19833818078041077
20220124-13:01:28,24.998580932617188,21.828460693359375,0.4529709815979004,0.20770429074764252
20220124-13:01:43,24.998580932617188,21.79656982421875,0.46172502636909485,0.20619498193264008
20220124-13:01:58,25.001174926757812,21.773468017578125,0.4479672610759735,0.20239518582820892
20220124-13:02:13,24.999771118164062,21.795440673828125,0.4457724392414093,0.20224101841449738
20220124-13:02:28,24.996780395507812,21.765533447265625,0.4852082431316376,0.21369722485542297
20220124-13:02:43,24.998275756835938,21.78656005859375,0.4707430601119995,0.2094953954219818
20220124-13:02:58,25.000137329101562,21.770751953125,0.4519248306751251,0.20388644933700562
20220124-13:03:13,24.999588012695312,21.72869873046875,0.44814586639404297,0.20389074087142944
20220124-13:03:28,25.002822875976562,21.724884033203125,0.39553016424179077,0.18966376781463623
20220124-13:03:43,24.999923706054688,21.7362060546875,0.4562130272388458,0.2069932073354721
20220124-13:03:59,24.999954223632812,21.7301025390625,0.46353644132614136,0.2072393000125885
20220124-13:04:14,25.000869750976562,21.72833251953125,0.4604795277118683,0.2067134976387024
20220124-13:04:29,24.998306274414062,21.752838134765625,0.4653947949409485,0.20760780572891235
20220124-13:04:44,25.000595092773438,21.77587890625,0.4373544454574585,0.20132823288440704
20220124-13:04:59,24.999679565429688,21.73370361328125,0.46962442994117737,0.20932361483573914
20220124-13:05:14,24.999618530273438,21.758026123046875,0.45238757133483887,0.2100628763437271
20220124-13:05:29,25.000381469726562,21.78033447265625,0.47095099091529846,0.20763550698757172
20220124-13:05:44,24.999801635742188,21.764678955078125,0.4586363136768341,0.20590031147003174
20220124-13:05:59,24.999832153320312,21.78369140625,0.46945786476135254,0.20886372029781342
20220124-13:06:15,24.998947143554688,21.752166748046875,0.47394442558288574,0.2093556821346283
20220124-13:06:30,24.999710083007812,21.769500732421875,0.465402752161026,0.20795318484306335
20220124-13:06:45,25.000198364257812,21.7393798828125,0.45477721095085144,0.2050151526927948
20220124-13:07:00,25.000198364257812,21.74859619140625,0.4499001204967499,0.20484018325805664
20220124-13:07:15,25.001266479492188,21.761505126953125,0.4625340402126312,0.2085849642753601
20220124-13:07:30,25.000991821289062,21.75860595703125,0.4474474787712097,0.2037719339132309
20220124-13:07:45,24.999160766601562,21.751617431640625,0.4614473879337311,0.2071886658668518
20220124-13:08:00,25.000839233398438,21.797821044921875,0.45160120725631714,0.2038492113351822
20220124-13:08:15,25.000198364257812,21.819427490234375,0.45673736929893494,0.2047414481639862
20220124-13:08:30,24.998764038085938,21.797027587890625,0.46136072278022766,0.20671796798706055
20220124-13:08:46,25.000564575195312,21.801544189453125,0.4503483772277832,0.20721808075904846
20220124-13:09:01,24.999923706054688,21.801727294921875,0.4637979567050934,0.2076142281293869
20220124-13:09:16,24.998886108398438,21.813232421875,0.46408987045288086,0.20545068383216858
20220124-13:09:31,25.001724243164062,21.756500244140625,0.4446067810058594,0.20428743958473206
20220124-13:09:46,25.000198364257812,21.768463134765625,0.47900158166885376,0.21049758791923523
20220124-13:10:01,25.001724243164062,21.76220703125,0.44346269965171814,0.20263785123825073
20220124-13:10:16,25.000808715820312,21.773223876953125,0.4565054774284363,0.20560641586780548
20220124-13:10:31,24.999282836914062,21.681976318359375,0.48146945238113403,0.21313203871250153
20220124-13:10:46,25.000534057617188,21.76708984375,0.4589247703552246,0.20663899183273315
20220124-13:11:01,25.001205444335938,21.786651611328125,0.4542648494243622,0.20436739921569824
20220124-13:11:17,24.999496459960938,21.807098388671875,0.4693249762058258,0.21018806099891663
20220124-13:11:32,25.002731323242188,21.7020263671875,0.4391811788082123,0.20258159935474396
20220124-13:11:47,25.001693725585938,21.606689453125,0.45468002557754517,0.20665913820266724
20220124-13:12:02,24.998794555664062,21.66326904296875,0.4668276011943817,0.21006818115711212
20220124-13:12:17,25.000411987304688,21.726898193359375,0.448903352022171,0.20452985167503357
20220124-13:12:32,25.000350952148438,21.744049072265625,0.4370937943458557,0.20800210535526276
20220124-13:12:47,24.998153686523438,21.804168701171875,0.4763563573360443,0.21149811148643494
20220124-13:13:02,24.999221801757812,21.623382568359375,0.4678942859172821,0.2144697904586792
20220124-13:13:17,24.999008178710938,21.734588623046875,0.49471110105514526,0.20603658258914948
20220124-13:13:32,24.999832153320312,21.714141845703125,0.45757997035980225,0.2066269814968109
20220124-13:13:48,24.999496459960938,21.810638427734375,0.45487070083618164,0.20493808388710022
20220124-13:14:03,25.000381469726562,21.81005859375,0.45598796010017395,0.204986572265625
20220124-13:14:18,24.999710083007812,21.710906982421875,0.46555769443511963,0.20943452417850494
20220124-13:14:33,25.000991821289062,21.770233154296875,0.4407355785369873,0.20526818931102753
20220124-13:14:48,25.001724243164062,21.798370361328125,0.465310662984848,0.1976238489151001
20220124-13:15:03,25.001419067382812,21.7874755859375,0.4429243803024292,0.20129995048046112
20220124-13:15:18,24.999954223632812,21.774139404296875,0.4604688286781311,0.20684610307216644
20220124-13:15:33,25.000717163085938,21.748077392578125,0.4545847177505493,0.2055419534444809
20220124-13:15:48,25.001113891601562,21.7674560546875,0.4486311376094818,0.20462191104888916
20220124-13:16:03,25.000839233398438,21.76800537109375,0.46510425209999084,0.20851948857307434
20220124-13:16:19,25.001266479492188,21.722442626953125,0.45881739258766174,0.20699337124824524
20220124-13:16:34,25.001083374023438,21.733917236328125,0.4541976749897003,0.20530319213867188
20220124-13:16:49,24.999588012695312,21.74969482421875,0.4562956690788269,0.20587395131587982
20220124-13:17:04,25.000778198242188,21.772552490234375,0.44908177852630615,0.20377117395401
20220124-13:17:19,24.999038696289062,21.734405517578125,0.46591436862945557,0.20865780115127563
20220124-13:17:34,25.000411987304688,21.791717529296875,0.45879024267196655,0.20713798701763153
20220124-13:17:49,25.000198364257812,21.794952392578125,0.46303507685661316,0.20664408802986145
20220124-13:18:04,24.998977661132812,21.7987060546875,0.4666622281074524,0.20879019796848297
20220124-13:18:19,25.000289916992188,21.752532958984375,0.4570960998535156,0.20590807497501373
20220124-13:18:35,24.999740600585938,21.7337646484375,0.45009645819664,0.20419327914714813
20220124-13:18:50,25.000076293945312,21.78436279296875,0.4714650511741638,0.21022780239582062
20220124-13:19:05,24.998672485351562,21.761322021484375,0.4911037087440491,0.21588066220283508
20220124-13:19:20,25.000869750976562,21.734222412109375,0.4646686613559723,0.20778688788414001
20220124-13:19:35,25.000259399414062,21.76776123046875,0.47436079382896423,0.20874710381031036
20220124-13:19:50,24.999649047851562,21.726654052734375,0.4742341637611389,0.20990636944770813
20220124-13:20:05,25.000411987304688,21.725616455078125,0.4568679928779602,0.2069743424654007
20220124-13:20:20,24.999221801757812,21.702239990234375,0.4711209237575531,0.20979903638362885
20220124-13:20:35,25.000808715820312,21.7178955078125,0.45477163791656494,0.20610719919204712
20220124-13:20:50,24.999710083007812,21.72528076171875,0.4810991883277893,0.2080691009759903
20220124-13:21:06,24.999496459960938,21.7359619140625,0.4693300724029541,0.2115069031715393
20220124-13:21:21,25.000411987304688,21.761505126953125,0.4475126564502716,0.2035682648420334
20220124-13:21:36,24.998886108398438,21.73333740234375,0.46940159797668457,0.20925374329090118
20220124-13:21:51,24.998306274414062,21.718292236328125,0.476519912481308,0.21148331463336945
20220124-13:22:06,25.000045776367188,21.757568359375,0.458488792181015,0.20668675005435944
20220124-13:22:21,24.999160766601562,21.734375,0.4683398902416229,0.208736851811409
20220124-13:22:36,25.000717163085938,21.765716552734375,0.4493645429611206,0.20354947447776794
20220124-13:22:51,24.999588012695312,21.718780517578125,0.473309189081192,0.21154221892356873
20220124-13:23:06,25.000625610351562,21.71697998046875,0.45538827776908875,0.20612232387065887
20220124-13:23:21,25.000167846679688,21.741790771484375,0.4552488923072815,0.20634303987026215
20220124-13:23:37,24.999282836914062,21.721435546875,0.47196173667907715,0.21143095195293427
20220124-13:23:52,25.000747680664062,21.68505859375,0.4633953869342804,0.2081252634525299
20220124-13:24:07,24.999801635742188,21.711151123046875,0.4646890163421631,0.20942039787769318
20220124-13:24:22,24.999710083007812,21.697540283203125,0.4897434711456299,0.21079982817173004
20220124-13:24:37,24.999679565429688,21.694549560546875,0.457095742225647,0.20687516033649445
20220124-13:24:52,25.000930786132812,21.723724365234375,0.4635045826435089,0.20798158645629883
20220124-13:25:07,25.000930786132812,21.7452392578125,0.4608321487903595,0.206832155585289
20220124-13:25:22,25.000930786132812,21.752716064453125,0.47308799624443054,0.20998401939868927
20220124-13:25:37,25.000442504882812,21.73944091796875,0.466647744178772,0.2083086371421814
20220124-13:25:52,25.000106811523438,21.7508544921875,0.47151604294776917,0.21004784107208252
20220124-13:26:08,24.999710083007812,21.736114501953125,0.47295719385147095,0.20720401406288147
20220124-13:26:23,25.000198364257812,21.7938232421875,0.47119951248168945,0.20995362102985382
20220124-13:26:38,25.001510620117188,21.783721923828125,0.453006386756897,0.2049221694469452
20220124-13:26:53,25.000717163085938,21.794525146484375,0.4501631557941437,0.20341169834136963
20220124-13:27:08,25.001266479492188,21.675628662109375,0.48315683007240295,0.21209532022476196
20220124-13:27:23,24.999588012695312,21.794464111328125,0.4563502371311188,0.20573829114437103
20220124-13:27:38,24.999893188476562,21.801544189453125,0.46043720841407776,0.2057514488697052
20220124-13:27:53,24.999099731445312,21.76568603515625,0.4729654788970947,0.2099359780550003
20220124-13:28:08,25.000595092773438,21.730560302734375,0.45539018511772156,0.20595534145832062
20220124-13:28:23,24.997695922851562,21.70849609375,0.5085334181785583,0.22001509368419647
20220124-13:28:39,25.001358032226562,21.661407470703125,0.47920694947242737,0.211957186460495
20220124-13:28:54,24.999984741210938,21.786407470703125,0.458585262298584,0.20603926479816437
20220124-13:29:09,24.999679565429688,21.769622802734375,0.4708220958709717,0.20961636304855347
20220124-13:29:24,24.999282836914062,21.8262939453125,0.4633100628852844,0.20778147876262665
20220124-13:29:39,25.001754760742188,21.812408447265625,0.4484410285949707,0.20413754880428314
20220124-13:29:54,25.000350952148438,21.77679443359375,0.461639404296875,0.20759615302085876
20220124-13:30:09,25.000930786132812,21.77117919921875,0.46263906359672546,0.20707155764102936
20220124-13:30:24,24.999160766601562,21.79412841796875,0.46057334542274475,0.20680402219295502
20220124-13:30:39,24.999832153320312,21.787628173828125,0.46615564823150635,0.20770379900932312
20220124-13:30:55,25.000442504882812,21.781585693359375,0.44472944736480713,0.20212534070014954
20220124-13:31:10,24.999160766601562,21.779296875,0.4671795964241028,0.20830461382865906
20220124-13:31:25,25.000106811523438,21.781463623046875,0.46360084414482117,0.20895959436893463
20220124-13:31:40,25.001113891601562,21.694732666015625,0.4659777879714966,0.20850402116775513
20220124-13:31:55,25.000198364257812,21.698944091796875,0.47367024421691895,0.20976559817790985
20220124-13:32:10,24.999710083007812,21.713836669921875,0.46218937635421753,0.20772145688533783
20220124-13:32:25,25.000045776367188,21.7763671875,0.46091511845588684,0.20732355117797852
20220124-13:32:40,24.999649047851562,21.76983642578125,0.4655158221721649,0.20766200125217438
20220124-13:32:55,25.000350952148438,21.78289794921875,0.45498496294021606,0.2054053097963333
20220124-13:33:10,25.001083374023438,21.785247802734375,0.4647839367389679,0.20739097893238068
20220124-13:33:26,25.000503540039062,21.7672119140625,0.4629371464252472,0.20820893347263336
20220124-13:33:41,25.000015258789062,21.75030517578125,0.48204636573791504,0.21088960766792297
20220124-13:33:56,25.000595092773438,21.777099609375,0.449899286031723,0.2044106274843216
20220124-13:34:11,24.999588012695312,21.721771240234375,0.4909873902797699,0.2138078808784485
20220124-13:34:26,25.000778198242188,21.67205810546875,0.48497331142425537,0.21391549706459045
20220124-13:34:41,25.000625610351562,21.71893310546875,0.4640345573425293,0.20861543715000153
20220124-13:34:56,25.000289916992188,21.70843505859375,0.4644488990306854,0.20853133499622345
20220124-13:35:11,24.999771118164062,21.6807861328125,0.4667854905128479,0.20890571177005768
20220124-13:35:26,25.000228881835938,21.689453125,0.46433112025260925,0.2081875503063202
20220124-13:35:41,25.001846313476562,21.7669677734375,0.4338136315345764,0.1993982344865799
20220124-13:35:57,25.001754760742188,21.762664794921875,0.4651440978050232,0.20658250153064728
20220124-13:36:12,25.000198364257812,21.7237548828125,0.46851804852485657,0.2077116072177887
20220124-13:36:27,25.000808715820312,21.66619873046875,0.4599658250808716,0.20700746774673462
20220124-13:36:42,24.999923706054688,21.687744140625,0.49767830967903137,0.21617960929870605
20220124-13:36:57,24.997817993164062,21.623931884765625,0.5190353393554688,0.22269673645496368
20220124-13:37:12,25.000411987304688,21.64984130859375,0.46276894211769104,0.2073848396539688
20220124-13:37:27,24.999435424804688,21.700103759765625,0.47316065430641174,0.20999902486801147
20220124-13:37:42,25.000625610351562,21.7384033203125,0.47257354855537415,0.21046309173107147
20220124-13:37:57,24.999526977539062,21.78228759765625,0.4775940179824829,0.21022196114063263
20220124-13:38:12,25.001113891601562,21.756011962890625,0.46514424681663513,0.2089749425649643
20220124-13:38:28,25.000595092773438,21.76202392578125,0.4626518487930298,0.20785509049892426
20220124-13:38:43,24.999282836914062,21.753662109375,0.46213459968566895,0.2079954296350479
20220124-13:38:58,25.000473022460938,21.7579345703125,0.46639829874038696,0.20884862542152405
20220124-13:39:13,25.000106811523438,21.69464111328125,0.4560474753379822,0.20650562644004822
20220124-13:39:28,25.000381469726562,21.6846923828125,0.5043222308158875,0.20685657858848572
20220124-13:39:43,24.999740600585938,21.682220458984375,0.46766841411590576,0.2097998410463333
20220124-13:39:58,24.998092651367188,21.655059814453125,0.5203189253807068,0.22224856913089752
20220124-13:40:13,24.999313354492188,21.70050048828125,0.49203118681907654,0.21452896296977997
20220124-13:40:28,24.998184204101562,21.68011474609375,0.4961169362068176,0.21537169814109802
20220124-13:40:43,24.998764038085938,21.715362548828125,0.481910765171051,0.21319988369941711
20220124-13:40:58,24.998428344726562,21.69281005859375,0.47004756331443787,0.22056275606155396
20220124-13:41:14,24.999710083007812,21.670684814453125,0.4740679860115051,0.21166357398033142
20220124-13:41:29,24.999618530273438,21.65484619140625,0.48265495896339417,0.21143394708633423
20220124-13:41:44,24.998367309570312,21.649749755859375,0.49124324321746826,0.21656759083271027
20220124-13:41:59,24.998794555664062,21.682159423828125,0.46410372853279114,0.20917166769504547
20220124-13:42:14,24.998275756835938,21.65240478515625,0.5156478881835938,0.22110596299171448
20220124-13:42:29,24.999282836914062,21.667999267578125,0.47006919980049133,0.2097964882850647
20220124-13:42:44,24.999740600585938,21.65362548828125,0.4893646538257599,0.21223363280296326
20220124-13:42:59,24.999496459960938,21.659393310546875,0.49387508630752563,0.21581685543060303
20220124-13:43:14,24.998336791992188,21.63525390625,0.4692816734313965,0.21126076579093933
20220124-13:43:29,25.000106811523438,21.68017578125,0.4695774018764496,0.2097199261188507
20220124-13:43:45,25.002029418945312,21.672027587890625,0.4661049246788025,0.20892253518104553
20220124-13:44:00,25.000320434570312,21.69891357421875,0.4680563509464264,0.20897221565246582
20220124-13:44:15,25.000534057617188,21.6434326171875,0.46168482303619385,0.20855067670345306
20220124-13:44:30,25.000930786132812,21.662353515625,0.46545806527137756,0.20619431138038635
20220124-13:44:45,24.999160766601562,21.640838623046875,0.4806067943572998,0.2139466553926468
20220124-13:45:00,24.998916625976562,21.66754150390625,0.48497575521469116,0.21097151935100555
20220124-13:45:15,25.000625610351562,21.64166259765625,0.4885413944721222,0.21438480913639069
20220124-13:45:30,25.000595092773438,21.648590087890625,0.4752742648124695,0.21223515272140503
20220124-13:45:45,25.000076293945312,21.657196044921875,0.49117714166641235,0.2157059907913208
20220124-13:46:00,25.000747680664062,21.66802978515625,0.48075687885284424,0.20927290618419647
20220124-13:46:15,25.000686645507812,21.676849365234375,0.46548017859458923,0.20853912830352783
20220124-13:46:31,25.000015258789062,21.66796875,0.46206340193748474,0.20811007916927338
20220124-13:46:46,25.000869750976562,21.654876708984375,0.46640777587890625,0.20934292674064636
20220124-13:47:01,24.997238159179688,21.61395263671875,0.516464114189148,0.22125211358070374
20220124-13:47:16,24.999740600585938,21.622650146484375,0.4858073592185974,0.21561264991760254
20220124-13:47:31,24.999984741210938,21.623504638671875,0.4649364948272705,0.20936644077301025
20220124-13:47:46,24.999313354492188,21.61749267578125,0.4932205379009247,0.21766164898872375
20220124-13:48:01,24.998764038085938,21.570953369140625,0.49234360456466675,0.22163239121437073
20220124-13:48:16,25.000198364257812,21.63165283203125,0.4701072573661804,0.2132566124200821
20220124-13:48:31,24.999496459960938,21.6817626953125,0.46358826756477356,0.2082834392786026
20220124-13:48:46,25.001693725585938,21.6624755859375,0.4554494023323059,0.2066122144460678
20220124-13:49:02,25.000167846679688,21.628753662109375,0.4868740141391754,0.2144748866558075
20220124-13:49:17,24.999496459960938,21.64654541015625,0.4954116642475128,0.21597887575626373
20220124-13:49:32,25.000442504882812,21.623809814453125,0.4601878523826599,0.20789800584316254
20220124-13:49:47,25.001541137695312,21.628021240234375,0.4656911790370941,0.20977480709552765
20220124-13:50:02,25.000411987304688,21.65057373046875,0.45620277523994446,0.20645631849765778
20220124-13:50:17,24.999282836914062,21.661834716796875,0.46053367853164673,0.20790117979049683
20220124-13:50:32,24.999893188476562,21.717529296875,0.4805031418800354,0.21264433860778809
20220124-13:50:47,24.999679565429688,21.694305419921875,0.46377524733543396,0.20804062485694885
20220124-13:51:02,25.000656127929688,21.665771484375,0.4676850140094757,0.21359464526176453
20220124-13:51:17,24.999038696289062,21.6663818359375,0.49660754203796387,0.2168363630771637
20220124-13:51:33,25.000106811523438,21.640411376953125,0.47454801201820374,0.21546320617198944
20220124-13:51:48,24.999679565429688,21.650146484375,0.48675844073295593,0.21356913447380066
20220124-13:52:03,24.999801635742188,21.670989990234375,0.46622443199157715,0.20902620255947113
20220124-13:52:18,24.999771118164062,21.64263916015625,0.4724021553993225,0.2106586992740631
20220124-13:52:33,25.000839233398438,21.6259765625,0.46810850501060486,0.21004150807857513
20220124-13:52:48,24.999160766601562,21.65228271484375,0.506112277507782,0.2187480479478836
20220124-13:53:03,25.000839233398438,21.623260498046875,0.45532849431037903,0.2061966061592102
20220124-13:53:18,25.000045776367188,21.62469482421875,0.4610730707645416,0.20779523253440857
20220124-13:53:33,24.999771118164062,21.653900146484375,0.4652387797832489,0.21077527105808258
20220124-13:53:48,24.999282836914062,21.6531982421875,0.49578648805618286,0.21646468341350555
20220124-13:54:04,25.000198364257812,21.643829345703125,0.485073059797287,0.21219132840633392
20220124-13:54:19,24.999221801757812,21.65069580078125,0.4917541742324829,0.21455995738506317
20220124-13:54:34,25.001541137695312,21.630889892578125,0.4653092324733734,0.20877017080783844
20220124-13:54:49,25.000503540039062,21.6180419921875,0.4641050398349762,0.20910529792308807
20220124-13:55:04,25.002273559570312,21.601226806640625,0.4392741322517395,0.20236583054065704
20220124-13:55:19,25.000930786132812,21.631866455078125,0.4649495482444763,0.20952863991260529
20220124-13:55:34,24.999771118164062,21.6607666015625,0.47645553946495056,0.21196746826171875
20220124-13:55:49,24.999465942382812,21.680084228515625,0.4665379226207733,0.20941612124443054
20220124-13:56:04,24.999649047851562,21.657684326171875,0.5079083442687988,0.21831823885440826
20220124-13:56:19,24.999496459960938,21.68719482421875,0.4685896039009094,0.20959526300430298
20220124-13:56:35,25.000228881835938,21.70440673828125,0.4788553714752197,0.21286660432815552
20220124-13:56:50,24.999710083007812,21.633758544921875,0.49588194489479065,0.21569512784481049
20220124-13:57:05,24.999984741210938,21.693084716796875,0.46675148606300354,0.2094288319349289
20220124-13:57:20,25.000595092773438,21.66461181640625,0.46238526701927185,0.2080392837524414
20220124-13:57:35,24.999618530273438,21.618743896484375,0.4641003906726837,0.20850291848182678
20220124-13:57:50,24.999618530273438,21.66192626953125,0.4904555678367615,0.21442456543445587
20220124-13:58:05,24.998764038085938,21.670684814453125,0.494731068611145,0.21548961102962494
20220124-13:58:20,25.002365112304688,21.64910888671875,0.4633929431438446,0.20821340382099152
20220124-13:58:35,24.998489379882812,21.66766357421875,0.4742986559867859,0.21132276952266693
20220124-13:58:51,24.998703002929688,21.665069580078125,0.4798145592212677,0.2138793021440506
20220124-13:59:06,24.999710083007812,21.698760986328125,0.4757233262062073,0.21062611043453217
20220124-13:59:21,24.999221801757812,21.65728759765625,0.4731346368789673,0.21227484941482544
20220124-13:59:36,25.001113891601562,21.67681884765625,0.457747220993042,0.2054295390844345
20220124-13:59:51,24.999679565429688,21.677490234375,0.49051257967948914,0.21743185818195343
20220124-14:00:06,24.999404907226562,21.6402587890625,0.49865660071372986,0.21540720760822296
20220124-14:00:21,24.999282836914062,21.6446533203125,0.4882063567638397,0.21492962539196014
20220124-14:00:36,24.998306274414062,21.65716552734375,0.504845142364502,0.22032953798770905
20220124-14:00:51,25.000503540039062,21.618408203125,0.46618691086769104,0.2092975676059723
20220124-14:01:06,25.000320434570312,21.597198486328125,0.49941956996917725,0.21668535470962524
20220124-14:01:22,25.001174926757812,21.64849853515625,0.45590075850486755,0.20596444606781006
20220124-14:01:37,25.000839233398438,21.656951904296875,0.46410834789276123,0.2095886617898941
20220124-14:01:52,24.999557495117188,21.639251708984375,0.47986292839050293,0.21329517662525177
20220124-14:02:07,24.999954223632812,21.62451171875,0.48669373989105225,0.21197831630706787
20220124-14:02:22,24.999771118164062,21.597015380859375,0.49829456210136414,0.21822905540466309
20220124-14:02:37,24.998886108398438,21.608551025390625,0.5013879537582397,0.21892057359218597
20220124-14:02:52,24.999710083007812,21.619964599609375,0.4700891077518463,0.2090204656124115
20220124-14:03:07,24.998672485351562,21.674835205078125,0.509681224822998,0.21889974176883698
20220124-14:03:22,25.000320434570312,21.62176513671875,0.4955943822860718,0.21577796339988708
20220124-14:03:37,25.000595092773438,21.607147216796875,0.4865633249282837,0.2151208221912384
20220124-14:03:53,25.001205444335938,21.608245849609375,0.46665170788764954,0.2097310870885849
20220124-14:04:08,25.000930786132812,21.626922607421875,0.47219720482826233,0.21081750094890594
20220124-14:04:23,25.001174926757812,21.614501953125,0.4641943573951721,0.20898310840129852
20220124-14:04:38,25.000595092773438,21.689910888671875,0.46033552289009094,0.20782947540283203
20220124-14:04:53,25.000747680664062,21.6937255859375,0.4607924818992615,0.2079593688249588
20220124-14:05:08,24.999038696289062,21.666473388671875,0.4864322543144226,0.21566615998744965
20220124-14:05:23,24.998886108398438,21.7452392578125,0.4638100862503052,0.20702794194221497
20220124-14:05:38,25.000167846679688,21.7296142578125,0.47833165526390076,0.21043330430984497
20220124-14:05:53,25.001235961914062,21.709686279296875,0.45603010058403015,0.20801295340061188
20220124-14:06:08,25.000595092773438,21.682464599609375,0.4710547626018524,0.21143876016139984
20220124-14:06:24,25.000198364257812,21.687042236328125,0.4670186936855316,0.20821867883205414
20220124-14:06:39,25.000228881835938,21.716156005859375,0.46325674653053284,0.207036092877388
20220124-14:06:54,25.000625610351562,21.748931884765625,0.455785870552063,0.2057790607213974
20220124-14:07:09,24.999252319335938,21.727325439453125,0.49013593792915344,0.21361586451530457
20220124-14:07:24,24.999038696289062,21.853729248046875,0.46095532178878784,0.20686742663383484
20220124-14:07:39,24.998733520507812,21.83306884765625,0.4756469428539276,0.2110913246870041
20220124-14:07:54,25.001510620117188,21.83526611328125,0.4443848133087158,0.20166835188865662
20220124-14:08:09,24.998916625976562,21.866943359375,0.4640654921531677,0.20689643919467926
20220124-14:08:24,25.000228881835938,21.827911376953125,0.46232593059539795,0.20589180290699005
20220124-14:08:39,25.000137329101562,21.872222900390625,0.47110405564308167,0.20172691345214844
20220124-14:08:55,24.998062133789062,21.874908447265625,0.47038617730140686,0.20863614976406097
20220124-14:09:10,25.000076293945312,21.841949462890625,0.43608349561691284,0.20063963532447815
20220124-14:09:25,25.001571655273438,21.85540771484375,0.4370627999305725,0.19947314262390137
20220124-14:09:40,25.002700805664062,21.9093017578125,0.4216861128807068,0.19652122259140015
20220124-14:09:55,24.996749877929688,21.84185791015625,0.4777887165546417,0.21123434603214264
20220124-14:10:10,24.999954223632812,21.8709716796875,0.45541954040527344,0.20388099551200867
20220124-14:10:25,24.999160766601562,21.8369140625,0.46517547965049744,0.20899881422519684
20220124-14:10:40,24.998703002929688,21.872833251953125,0.4586002826690674,0.20721232891082764
20220124-14:10:55,25.000625610351562,21.909332275390625,0.4437694549560547,0.20333032310009003
20220124-14:11:10,24.999832153320312,21.90570068359375,0.44029417634010315,0.20116060972213745
20220124-14:11:26,24.998886108398438,21.871734619140625,0.46586182713508606,0.20747320353984833
20220124-14:11:41,25.001052856445312,21.849945068359375,0.4379860460758209,0.20133748650550842
20220124-14:11:56,25.000686645507812,21.885955810546875,0.46819716691970825,0.20399966835975647
20220124-14:12:11,24.999710083007812,21.89111328125,0.4357331395149231,0.20485346019268036
20220124-14:12:26,25.000534057617188,21.90216064453125,0.45691990852355957,0.20487597584724426
20220124-14:12:41,25.001419067382812,21.92864990234375,0.42978841066360474,0.1978904753923416
20220124-14:12:56,25.001480102539062,21.936553955078125,0.4242401719093323,0.19580326974391937
20220124-14:13:11,24.999130249023438,22.028961181640625,0.46157196164131165,0.2046908140182495
20220124-14:13:26,25.000747680664062,21.92950439453125,0.43973439931869507,0.1993204951286316
20220124-14:13:41,24.998611450195312,22.01434326171875,0.4328567087650299,0.20052307844161987
20220124-14:13:57,24.998886108398438,21.93707275390625,0.46646949648857117,0.20702381432056427
20220124-14:14:12,24.930435180664062,22.062744140625,-0.005520172882825136,0.08064398169517517
20220124-14:14:27,27.684310913085938,19.428131103515625,2.8298184871673584,0.8754456043243408
20220124-14:14:42,30.699417114257812,17.197052001953125,3.446591377258301,1.0828771591186523
20220124-14:14:57,33.73143005371094,16.107696533203125,3.8799378871917725,1.2388681173324585
20220124-14:15:12,36.74455261230469,15.678070068359375,4.193016529083252,1.3586233854293823
20220124-14:15:27,39.77326965332031,15.544830322265625,4.516016960144043,1.4773989915847778
20220124-14:15:42,42.78791809082031,15.570526123046875,4.703512668609619,1.565593957901001
20220124-14:15:57,45.82151794433594,15.71807861328125,4.8736796379089355,1.6460187435150146
20220124-14:16:12,48.82933044433594,15.906890869140625,5.109647750854492,1.745606780052185
20220124-14:16:28,51.84696960449219,16.320892333984375,5.221217155456543,1.810538649559021
20220124-14:16:43,54.87284851074219,16.744842529296875,5.377285480499268,1.8880077600479126
20220124-14:16:58,57.88758850097656,17.190399169921875,5.548581600189209,1.9749497175216675
20220124-14:17:13,60.91267395019531,17.5504150390625,5.673764228820801,2.0480003356933594
20220124-14:17:28,63.93141174316406,18.0611572265625,5.808760643005371,2.123622179031372
20220124-14:17:43,66.95433044433594,18.5791015625,5.962878227233887,2.206611394882202
20220124-14:17:58,69.97712707519531,19.147125244140625,6.039051055908203,2.265775442123413
20220124-14:18:13,72.99934387207031,19.69879150390625,6.2100067138671875,2.3557517528533936
20220124-14:18:28,75.16514587402344,20.485992431640625,4.071925640106201,1.6759295463562012
20220124-14:18:44,71.90284729003906,22.380126953125,3.5462567806243896,1.47588050365448
20220124-14:18:59,68.85710144042969,23.497314453125,2.9185638427734375,1.2483443021774292
20220124-14:19:14,65.84809875488281,24.488433837890625,2.372957229614258,1.049382209777832
20220124-14:19:29,64.99211120605469,23.660858154296875,3.674415349960327,1.4423834085464478
20220124-14:19:44,65.00416564941406,22.78759765625,3.733819007873535,1.4661740064620972
20220124-14:19:59,64.99836730957031,22.2958984375,3.909273862838745,1.5229785442352295
20220124-14:20:14,65.02568054199219,22.037506103515625,3.6533374786376953,1.4477628469467163
20220124-14:20:29,64.99577331542969,21.990814208984375,3.9270453453063965,1.529124140739441
20220124-14:20:44,64.96040344238281,21.935699462890625,4.3863959312438965,1.669641137123108
20220124-14:20:59,65.00529479980469,21.530303955078125,4.114571571350098,1.5930440425872803
20220124-14:21:15,64.99589538574219,21.458770751953125,4.157356262207031,1.6037710905075073
20220124-14:21:30,64.99714660644531,21.520294189453125,4.146710395812988,1.6006412506103516
20220124-14:21:45,64.99574279785156,21.479339599609375,4.1205573081970215,1.5923786163330078
20220124-14:22:00,64.99449157714844,21.55438232421875,4.084076881408691,1.5807299613952637
20220124-14:22:15,64.86857604980469,21.59576416015625,5.2931809425354,1.9523643255233765
20220124-14:22:30,65.00691223144531,21.281707763671875,4.205048084259033,1.6167991161346436
20220124-14:22:45,65.00563049316406,21.28546142578125,4.135241985321045,1.5943520069122314
20220124-14:23:00,64.99629211425781,21.376953125,4.218953609466553,1.6205768585205078
20220124-14:23:15,64.99253845214844,21.428253173828125,4.252723693847656,1.632249355316162
20220124-14:23:30,65.00480651855469,21.4422607421875,4.086499214172363,1.5795308351516724
20220124-14:23:46,64.98960876464844,21.4755859375,4.2341790199279785,1.622634768486023
20220124-14:24:01,65.00199890136719,21.505401611328125,4.042312145233154,1.5646833181381226
20220124-14:24:16,64.90177917480469,21.5537109375,1.9859490394592285,0.9511010646820068
20220124-14:24:31,61.72157287597656,24.0230712890625,1.6545082330703735,0.8026710748672485
20220124-14:24:46,58.69651794433594,25.6072998046875,1.1485893726348877,0.6204078793525696
20220124-14:25:01,55.68244934082031,26.7705078125,0.671428918838501,0.44556093215942383
20220124-14:25:16,52.64082336425781,27.8275146484375,0.2554124593734741,0.29528459906578064
20220124-14:25:31,49.62629699707031,28.95489501953125,-0.2418200969696045,0.12321600317955017
20220124-14:25:46,46.62638854980469,30.385101318359375,-0.9517406225204468,-0.11223657429218292
20220124-14:26:01,43.58882141113281,31.990631103515625,-1.459271788597107,-0.312406063079834
20220124-14:26:17,40.57856750488281,33.81243896484375,-2.209082841873169,-0.5523128509521484
20220124-14:26:32,37.55064392089844,36.885986328125,-3.2683510780334473,-0.9128745794296265
20220124-14:26:47,34.63694763183594,41.4581298828125,-3.979694128036499,-1.2000081539154053
20220124-14:27:02,32.41905212402344,43.78076171875,-3.857642650604248,-1.1999949216842651
20220124-14:27:17,30.607650756835938,44.191680908203125,-3.819535732269287,-1.2000162601470947
20220124-14:27:32,29.040908813476562,44.006378173828125,-3.8025333881378174,-1.2000001668930054
20220124-14:27:47,27.624252319335938,43.748870849609375,-3.7986795902252197,-1.2000023126602173
20220124-14:28:02,26.297286987304688,42.889495849609375,-3.803468942642212,-1.1999930143356323
20220124-14:28:17,25.182418823242188,43.143585205078125,-3.7984793186187744,-1.2000067234039307
20220124-14:28:32,24.988906860351562,39.052642822265625,-1.5967391729354858,-0.5131547451019287
20220124-14:28:47,26.813949584960938,29.84405517578125,1.7171083688735962,0.5017755031585693
20220124-14:29:03,29.094558715820312,23.22314453125,2.471287727355957,0.7683721780776978
20220124-14:29:18,31.352523803710938,19.717987060546875,3.003883123397827,0.9546207189559937
20220124-14:29:33,33.61201477050781,18.0284423828125,3.3471429347991943,1.0774672031402588
20220124-14:29:48,35.88868713378906,17.142608642578125,3.5838866233825684,1.169981598854065
20220124-14:30:03,38.14927673339844,16.744476318359375,3.800171136856079,1.2555859088897705
20220124-14:30:18,40.41990661621094,16.586700439453125,4.038684368133545,1.3458592891693115
20220124-14:30:33,42.68025207519531,16.5634765625,4.196297645568848,1.4126334190368652
20220124-14:30:48,44.93675231933594,16.621978759765625,4.382633209228516,1.4885672330856323
20220124-14:31:03,47.21186828613281,16.7952880859375,4.557197093963623,1.5613083839416504
20220124-14:31:18,49.46839904785156,16.961273193359375,4.69040584564209,1.6229068040847778
20220124-14:31:34,51.74867248535156,17.15264892578125,4.7996320724487305,1.6781988143920898
20220124-14:31:49,54.00785827636719,17.42230224609375,4.920154094696045,1.737256646156311
20220124-14:32:04,56.27854919433594,17.649810791015625,5.074573040008545,1.8070213794708252
20220124-14:32:19,58.54765319824219,17.79931640625,5.212209224700928,1.8728047609329224
20220124-14:32:34,60.80702209472656,18.383880615234375,5.329573631286621,1.9301419258117676
20220124-14:32:49,63.08949279785156,18.74493408203125,5.382962226867676,1.9735089540481567
20220124-14:33:04,65.32591247558594,18.99652099609375,5.553312301635742,2.0525739192962646
20220124-14:33:19,67.61241149902344,19.451446533203125,5.637734413146973,2.1032235622406006
20220124-14:33:34,69.86421203613281,19.817901611328125,5.7924041748046875,2.177943706512451
20220124-14:33:50,69.23939514160156,21.599639892578125,2.9304442405700684,1.266400933265686
20220124-14:34:05,66.22062683105469,23.896484375,2.2785227298736572,1.0236634016036987
20220124-14:34:20,63.20109558105469,25.180816650390625,1.7796409130096436,0.8442745208740234
20220124-14:34:35,60.17631530761719,26.109161376953125,1.3130275011062622,0.6746923923492432
20220124-14:34:50,59.99568176269531,24.224395751953125,3.378835916519165,1.3019741773605347
20220124-14:35:05,59.99992370605469,22.764862060546875,3.4692962169647217,1.3373974561691284
20220124-14:35:20,60.00837707519531,22.142547607421875,3.4654221534729004,1.3392812013626099
20220124-14:35:35,59.99867248535156,21.716156005859375,3.5805764198303223,1.375030755996704
20220124-14:35:50,59.99952697753906,21.644439697265625,3.551729679107666,1.3661513328552246
20220124-14:36:05,59.99745178222656,21.630401611328125,3.588773250579834,1.378454327583313
20220124-14:36:21,60.00282287597656,21.55047607421875,3.5630033016204834,1.3715943098068237
20220124-14:36:36,59.99971008300781,21.45806884765625,3.6012332439422607,1.3829532861709595
20220124-14:36:51,60.00520324707031,21.574859619140625,3.5598509311676025,1.3744615316390991
20220124-14:37:06,59.99650573730469,21.559906005859375,3.625626564025879,1.3896639347076416
20220124-14:37:21,59.99226379394531,21.569976806640625,3.649844169616699,1.3963838815689087
20220124-14:37:36,60.01380920410156,21.3671875,4.078854084014893,1.5281769037246704
20220124-14:37:51,59.99513244628906,21.163787841796875,3.9350364208221436,1.483843445777893
20220124-14:38:06,60.00053405761719,21.036529541015625,3.8284692764282227,1.4523650407791138
20220124-14:38:21,59.99833679199219,21.13458251953125,3.853101968765259,1.4601019620895386
20220124-14:38:36,59.99830627441406,21.165740966796875,3.8175878524780273,1.4428960084915161
20220124-14:38:52,60.00440979003906,21.053375244140625,3.7780048847198486,1.436549186706543
20220124-14:39:07,59.99369812011719,21.10888671875,3.8282535076141357,1.451284646987915
20220124-14:39:22,60.00559997558594,21.27099609375,3.7063567638397217,1.416167974472046
20220124-14:39:37,59.99531555175781,21.149078369140625,1.5263481140136719,0.7854437828063965
20220124-14:39:52,56.82859802246094,23.998626708984375,1.1279493570327759,0.6114072799682617
20220124-14:40:07,53.79997253417969,26.01666259765625,0.6104910373687744,0.4224793612957001
20220124-14:40:22,50.79176330566406,27.663909912109375,0.023437272757291794,0.2186804860830307
20220124-14:40:37,47.75834655761719,29.324493408203125,-0.5228992700576782,0.02976713888347149
20220124-14:40:52,44.74696350097656,31.22052001953125,-1.2618390321731567,-0.22095029056072235
20220124-14:41:07,41.72026062011719,32.803375244140625,-1.9802125692367554,-0.46449005603790283
20220124-14:41:23,38.71333312988281,35.151336669921875,-2.9061951637268066,-0.7793633937835693
20220124-14:41:38,35.66215515136719,39.513092041015625,-4.006965160369873,-1.1791176795959473
20220124-14:41:53,33.18925476074219,43.06658935546875,-3.8955461978912354,-1.2000097036361694
20220124-14:42:08,31.256301879882812,44.13690185546875,-3.834056854248047,-1.2000060081481934
20220124-14:42:23,29.594985961914062,44.11700439453125,-3.810659408569336,-1.2000024318695068
20220124-14:42:38,28.147506713867188,43.735321044921875,-3.802229166030884,-1.2000070810317993
20220124-14:42:53,26.831436157226562,43.561767578125,-3.7996065616607666,-1.1999982595443726
20220124-14:43:08,25.665969848632812,43.17791748046875,-3.7965660095214844,-1.1999931335449219
20220124-14:43:23,24.926681518554688,41.915252685546875,-1.8219925165176392,-0.6118608117103577
20220124-14:43:38,26.706100463867188,31.803070068359375,1.576738953590393,0.44278502464294434
20220124-14:43:54,28.978500366210938,23.923095703125,2.4989795684814453,0.7688865065574646
20220124-14:44:09,31.242568969726562,20.105224609375,2.979539394378662,0.9443736672401428
20220124-14:44:24,33.51924133300781,18.1917724609375,3.332256317138672,1.0707260370254517
20220124-14:44:39,35.77668762207031,17.206787109375,3.634500503540039,1.181094765663147
20220124-14:44:54,38.04859924316406,16.758819580078125,3.902333974838257,1.2828552722930908
20220124-14:45:09,40.30610656738281,16.59100341796875,4.109694480895996,1.3643449544906616
20220124-14:45:24,42.58787536621094,16.614349365234375,4.200553894042969,1.4154682159423828
20220124-14:45:39,44.83964538574219,16.759979248046875,4.45913553237915,1.5078340768814087
20220124-14:45:54,47.12370300292969,16.879486083984375,4.5660576820373535,1.5625003576278687
20220124-14:46:10,49.36558532714844,17.0458984375,4.799929141998291,1.6530568599700928
20220124-14:46:25,51.65382385253906,17.175506591796875,4.816054821014404,1.682151198387146
20220124-14:46:40,53.90144348144531,17.4912109375,5.060046195983887,1.7772356271743774
20220124-14:46:55,56.17527770996094,17.727020263671875,5.033312797546387,1.793458104133606
20220124-14:47:10,58.44548034667969,18.0048828125,5.170340538024902,1.8596231937408447
20220124-14:47:25,60.69828796386719,18.321807861328125,5.337060928344727,1.93462073802948
20220124-14:47:40,59.90684509277344,20.460296630859375,2.120814085006714,0.9492830634117126
20220124-14:47:55,56.89469909667969,23.397857666015625,1.3719029426574707,0.68708735704422
20220124-14:48:10,53.85746765136719,25.29833984375,0.8472898006439209,0.49590617418289185
20220124-14:48:25,50.85188293457031,26.863739013671875,0.166477233171463,0.266622394323349
20220124-14:48:41,49.99989318847656,25.399169921875,2.513645887374878,0.9436308145523071
20220124-14:48:56,49.99150085449219,23.045166015625,2.7528746128082275,1.0278840065002441
20220124-14:49:11,49.99217224121094,21.92547607421875,2.8527538776397705,1.0615575313568115
20220124-14:49:26,49.99778747558594,21.4630126953125,2.881216526031494,1.0739305019378662
20220124-14:49:41,50.00379943847656,21.2462158203125,2.849893808364868,1.0675454139709473
20220124-14:49:56,50.00621032714844,21.080902099609375,2.8303840160369873,1.0656510591506958
20220124-14:50:11,50.00111389160156,20.9913330078125,2.9231204986572266,1.0895673036575317
20220124-14:50:26,49.99909973144531,20.89215087890625,2.924032211303711,1.0909000635147095
20220124-14:50:41,50.00471496582031,20.92724609375,2.8697619438171387,1.076413869857788
20220124-14:50:56,50.00160217285156,20.9058837890625,2.914189338684082,1.0885759592056274
20220124-14:51:12,49.98420715332031,20.6524658203125,3.0977370738983154,1.1414798498153687
20220124-14:51:27,49.99256896972656,20.82916259765625,3.023249626159668,1.1204826831817627
20220124-14:51:42,50.01402282714844,20.5098876953125,3.0807855129241943,1.139510154724121
20220124-14:51:57,50.01228332519531,20.536773681640625,2.956021785736084,1.101776123046875
20220124-14:52:12,49.99525451660156,20.667510986328125,3.0846660137176514,1.1378684043884277
20220124-14:52:27,49.99894714355469,20.748138427734375,3.0180470943450928,1.1108953952789307
20220124-14:52:42,50.00044250488281,20.720428466796875,2.9757843017578125,1.111984133720398
20220124-14:52:57,50.00367736816406,20.63970947265625,2.9630286693573,1.1040241718292236
20220124-14:53:12,50.00651550292969,20.5926513671875,2.9368367195129395,1.0964939594268799
20220124-14:53:27,49.99787902832031,20.540313720703125,2.7448976039886475,1.0442416667938232
20220124-14:53:43,47.74156188964844,23.0679931640625,0.9431670308113098,0.4957953691482544
20220124-14:53:58,45.48411560058594,24.865142822265625,0.43479421734809875,0.3195824921131134
20220124-14:54:13,43.22389221191406,26.337890625,-0.19875849783420563,0.11516357958316803
20220124-14:54:28,40.95231628417969,27.598297119140625,-0.5261215567588806,-0.002943596336990595
20220124-14:54:43,38.68778991699219,29.07342529296875,-0.9656006097793579,-0.15470290184020996
20220124-14:54:58,36.41593933105469,30.561126708984375,-1.5138472318649292,-0.3401941955089569
20220124-14:55:13,34.16026306152344,32.285308837890625,-2.155163049697876,-0.5545912384986877
20220124-14:55:28,31.889968872070312,34.76544189453125,-3.026439666748047,-0.8409550189971924
20220124-14:55:43,29.624038696289062,38.431610107421875,-4.034460544586182,-1.1969435214996338
20220124-14:55:58,27.788528442382812,41.8873291015625,-3.883638858795166,-1.2000234127044678
20220124-14:56:14,26.400558471679688,42.827392578125,-3.826125144958496,-1.1999937295913696
20220124-14:56:29,25.217880249023438,42.861541748046875,-3.8059375286102295,-1.2000046968460083
20220124-14:56:44,24.991897583007812,38.719879150390625,-1.545197606086731,-0.4958200454711914
20220124-14:56:59,26.583023071289062,30.278045654296875,1.7121185064315796,0.49175137281417847
20220124-14:57:14,28.849624633789062,23.210601806640625,2.525949001312256,0.7807827591896057
20220124-14:57:29,31.125350952148438,19.608062744140625,3.034428834915161,0.9608041048049927
20220124-14:57:44,33.40141296386719,17.74725341796875,3.366462230682373,1.0831905603408813
20220124-14:57:59,35.65925598144531,16.967864990234375,3.647566795349121,1.1835896968841553
20220124-14:58:14,37.91630554199219,16.625030517578125,3.9214868545532227,1.289396047592163
20220124-14:58:30,40.19047546386719,16.47784423828125,4.093708038330078,1.359832763671875
20220124-14:58:45,42.45118713378906,16.469696044921875,4.257061004638672,1.4275497198104858
20220124-14:59:00,44.72767639160156,16.530792236328125,4.4086456298828125,1.4937645196914673
20220124-14:59:15,46.98008728027344,16.692718505859375,4.634471416473389,1.5812102556228638
20220124-14:59:30,49.22251892089844,16.87554931640625,2.6568846702575684,1.0393956899642944
20220124-14:59:45,46.06217956542969,21.36920166015625,0.5036290884017944,0.3723200261592865
20220124-15:00:00,43.02522277832031,25.16851806640625,-0.4926169812679291,0.04168329015374184
20220124-15:00:15,40.00880432128906,28.25311279296875,-1.2804826498031616,-0.22953665256500244
20220124-15:00:30,36.99610900878906,31.445831298828125,-1.7213166952133179,-0.3923790156841278
20220124-15:00:45,36.99464416503906,27.69940185546875,1.0890122652053833,0.41830986738204956
20220124-15:01:01,37.00135803222656,24.717529296875,1.3930050134658813,0.5261270403862
20220124-15:01:16,36.99949645996094,23.046783447265625,1.537330985069275,0.5779834389686584
20220124-15:01:31,36.99916076660156,22.180450439453125,1.6567177772521973,0.6168625950813293
20220124-15:01:46,36.99958801269531,21.767791748046875,1.6728501319885254,0.62434983253479
20220124-15:02:01,37.00038146972656,21.3450927734375,1.7342385053634644,0.6441866755485535
20220124-15:02:16,37.00282287597656,21.20062255859375,1.7393136024475098,0.6463792324066162
20220124-15:02:31,36.99732971191406,21.129150390625,1.7969781160354614,0.6617658138275146
20220124-15:02:46,36.99772644042969,21.149169921875,1.787054181098938,0.659417450428009
20220124-15:03:01,37.00257873535156,21.080108642578125,1.7544652223587036,0.6505972146987915
20220124-15:03:16,36.99757385253906,21.07110595703125,1.7869091033935547,0.6597921848297119
20220124-15:03:32,37.00715637207031,20.81170654296875,1.8450686931610107,0.677711546421051
20220124-15:03:47,36.99934387207031,20.780548095703125,1.8327851295471191,0.6747493147850037
20220124-15:04:02,36.99751281738281,20.723297119140625,1.9035494327545166,0.6931679844856262
20220124-15:04:17,36.99986267089844,20.8271484375,1.814042329788208,0.6703020930290222
20220124-15:04:32,36.99961853027344,20.79852294921875,1.8649027347564697,0.6823844313621521
20220124-15:04:47,37.00379943847656,20.733978271484375,1.7837127447128296,0.6620123386383057
20220124-15:05:02,37.00245666503906,20.652740478515625,1.832150936126709,0.6737682223320007
20220124-15:05:17,36.99732971191406,20.592529296875,1.9102470874786377,0.6960653066635132
20220124-15:05:32,36.40058898925781,21.36749267578125,-1.1653307676315308,-0.1461125910282135
20220124-15:05:47,33.24223327636719,27.69976806640625,-2.4521031379699707,-0.5940167307853699
20220124-15:06:02,30.237960815429688,34.15252685546875,-4.223839282989502,-1.1999951601028442
20220124-15:06:18,27.912063598632812,40.234100341796875,-3.9439806938171387,-1.2000116109848022
20220124-15:06:33,26.294357299804688,41.9964599609375,-3.85048508644104,-1.1999833583831787
20220124-15:06:48,24.966720581054688,42.39288330078125,-3.5437450408935547,-1.1132724285125732
20220124-15:07:03,24.998580932617188,36.684356689453125,-1.29252028465271,-0.4024992883205414
20220124-15:07:18,25.393814086914062,30.516021728515625,-0.005508041940629482,0.01096566952764988
20220124-15:07:33,25.600631713867188,26.71331787109375,-0.005534363444894552,0.045987535268068314
20220124-15:07:48,25.580093383789062,25.1845703125,-0.005497513338923454,0.05905406177043915
20220124-15:08:03,25.466629028320312,24.48577880859375,-0.005536423530429602,0.06314867734909058
20220124-15:08:18,25.334182739257812,24.181610107421875,-0.005637818016111851,0.06429974734783173
20220124-15:08:34,25.195449829101562,24.082763671875,-0.005723877809941769,0.06458780169487
20220124-15:08:49,25.056106567382812,23.913330078125,-0.005676956847310066,0.06461048126220703
20220124-15:09:04,24.917404174804688,23.871612548828125,-0.005616074427962303,0.06426197290420532
20220124-15:09:19,24.790512084960938,23.790557861328125,-0.005610581021755934,0.0637860894203186
20220124-15:09:34,24.671890258789062,23.793609619140625,-0.005810852628201246,0.06363654136657715
20220124-15:09:49,24.561660766601562,23.733489990234375,-0.005650177597999573,0.06317039579153061
20220124-15:10:04,24.448745727539062,23.686279296875,-0.005704651586711407,0.06303934752941132
20220124-15:10:19,24.343338012695312,23.6219482421875,-0.005697556305676699,0.06272796541452408
20220124-15:10:34,24.249465942382812,23.63751220703125,-0.005787048954516649,0.06227458640933037
20220124-15:10:49,24.163925170898438,23.630859375,-0.005724793300032616,0.06183663755655289
20220124-15:11:04,24.058670043945312,23.460418701171875,-0.005736695136874914,0.06194011867046356
20220124-15:11:20,23.979049682617188,23.4910888671875,-0.005797577556222677,0.061673931777477264
20220124-15:11:35,23.904983520507812,23.467254638671875,-0.005794373340904713,0.061271388083696365
20220124-15:11:50,23.842086791992188,23.548065185546875,-0.005820237100124359,0.06083345413208008
20220124-15:12:05,23.769454956054688,23.4720458984375,-0.005764847621321678,0.06077102944254875
20220124-15:12:20,23.703720092773438,23.458587646484375,-0.005763245280832052,0.060616519302129745
20220124-15:12:35,23.645187377929688,23.473663330078125,-0.005743103567510843,0.060391075909137726
20220124-15:12:50,23.590072631835938,23.446136474609375,-0.005812684074044228,0.06000326946377754
20220124-15:13:05,23.531936645507812,23.39666748046875,-0.005836487747728825,0.06001599505543709
20220124-15:13:20,23.482162475585938,23.406036376953125,-0.005754547659307718,0.05978373810648918
20220124-15:13:36,23.429458618164062,23.38787841796875,-0.005768509581685066,0.059749774634838104
20220124-15:13:51,23.385757446289062,23.402740478515625,-0.005776062607765198,0.059385139495134354
20220124-15:14:06,23.345809936523438,23.399078369140625,-0.005855027120560408,0.05894143879413605
20220124-15:14:21,23.306991577148438,23.413970947265625,-0.005799408536404371,0.05878623202443123
20220124-15:14:36,23.270492553710938,23.39544677734375,-0.005753174424171448,0.058786991983652115
20220124-15:14:51,23.239151000976562,23.4217529296875,-0.005768509581685066,0.058450717478990555
