20220124-11:49:21,24.214218139648438,22.82769775390625,-0.0038539126981049776,0.06587833166122437
20220124-11:49:36,24.374130249023438,22.374542236328125,1.581726312637329,0.5740755796432495
20220124-11:49:51,26.672531127929688,18.387298583984375,2.45534610748291,0.8778563141822815
20220124-11:50:06,28.940322875976562,15.848724365234375,2.8781232833862305,1.0451653003692627
20220124-11:50:22,31.205581665039062,14.514434814453125,3.171942949295044,1.1667332649230957
20220124-11:50:37,33.47166442871094,13.69732666015625,3.4127345085144043,1.271425724029541
20220124-11:50:52,35.73432922363281,13.29217529296875,3.6323795318603516,1.3712326288223267
20220124-11:51:07,38.00028991699219,13.17230224609375,3.7958314418792725,1.4435365200042725
20220124-11:51:22,40.26286315917969,13.2044677734375,3.9711110591888428,1.5256353616714478
20220124-11:51:37,42.52717590332031,13.332183837890625,4.120316982269287,1.5985124111175537
20220124-11:51:52,44.79261779785156,13.54986572265625,4.238155841827393,1.660929799079895
20220124-11:52:07,47.05494689941406,13.7838134765625,4.389151573181152,1.73689866065979
20220124-11:52:22,49.31889343261719,14.042633056640625,4.5249552726745605,1.8076510429382324
20220124-11:52:37,51.59965515136719,14.361907958984375,4.6344451904296875,1.8706549406051636
20220124-11:52:53,53.86418151855469,14.717071533203125,4.7424211502075195,1.9331843852996826
20220124-11:53:08,56.13008117675781,15.04180908203125,4.841159820556641,1.9946554899215698
20220124-11:53:23,58.39210510253906,15.420806884765625,4.958343982696533,2.0628468990325928
20220124-11:53:38,60.65205383300781,15.805328369140625,5.0812249183654785,2.1337761878967285
20220124-11:53:53,62.91746520996094,16.2076416015625,5.177826881408691,2.194074869155884
20220124-11:54:08,65.18235778808594,16.574615478515625,5.288223743438721,2.260568380355835
20220124-11:54:23,67.45051574707031,17.034820556640625,5.349705696105957,2.3089144229888916
20220124-11:54:38,69.70973205566406,17.451385498046875,5.522519111633301,2.399502992630005
20220124-11:54:53,71.97920227050781,17.90985107421875,5.533943176269531,2.42392635345459
20220124-11:55:08,74.23966979980469,18.33050537109375,5.652888298034668,2.505014181137085
20220124-11:55:24,73.76365661621094,20.5181884765625,2.2740492820739746,1.2000091075897217
20220124-11:55:39,69.82551574707031,23.516204833984375,2.417980909347534,1.2000086307525635
20220124-11:55:54,67.23191833496094,24.26214599609375,2.4919745922088623,1.200001835823059
20220124-11:56:09,65.18663024902344,24.134735107421875,2.5417308807373047,1.1999930143356323
20220124-11:56:24,61.97789001464844,25.60430908203125,1.4799015522003174,0.7918614149093628
20220124-11:56:39,58.94648742675781,26.41900634765625,1.098732590675354,0.6321744918823242
20220124-11:56:54,55.91310119628906,27.213775634765625,0.7831632494926453,0.4980870485305786
20220124-11:57:09,52.90913391113281,27.983062744140625,0.3129711151123047,0.3089677691459656
20220124-11:57:24,49.90327453613281,29.094573974609375,0.04291557893157005,0.18648792803287506
20220124-11:57:39,46.89103698730469,30.336334228515625,-0.601588249206543,-0.059592828154563904
20220124-11:57:55,43.85487365722656,31.992034912109375,-1.221169352531433,-0.3022152781486511
20220124-11:58:10,40.83326721191406,34.3111572265625,-1.8605918884277344,-0.5612059831619263
20220124-11:58:25,37.82176208496094,37.691925048828125,-2.820556879043579,-0.9489852786064148
20220124-11:58:40,34.89353942871094,42.58123779296875,-3.324960947036743,-1.199995994567871
20220124-11:58:55,32.67842102050781,44.75738525390625,-3.241617202758789,-1.199998378753662
20220124-11:59:10,30.877029418945312,45.353790283203125,-3.2064080238342285,-1.2000011205673218
20220124-11:59:25,29.331222534179688,45.45318603515625,-3.1921067237854004,-1.1999883651733398
20220124-11:59:40,27.948776245117188,44.927642822265625,-3.1866564750671387,-1.2000025510787964
20220124-11:59:55,26.697341918945312,44.481903076171875,-3.186065912246704,-1.1999971866607666
20220124-12:00:10,25.566726684570312,44.09906005859375,-3.1859850883483887,-1.1999926567077637
20220124-12:00:25,24.953689575195312,41.87005615234375,-1.5791884660720825,-0.6089210510253906
20220124-12:00:41,24.996139526367188,35.780548095703125,-1.0178773403167725,-0.37009280920028687
20220124-12:00:56,24.998367309570312,31.40020751953125,-0.6102027893066406,-0.19853971898555756
20220124-12:01:11,24.998641967773438,28.248321533203125,-0.2774532437324524,-0.07989761233329773
20220124-12:01:26,24.998947143554688,26.081268310546875,-0.13035623729228973,-0.0011466204887256026
20220124-12:01:41,24.998245239257812,24.687347412109375,0.01733596809208393,0.05717615783214569
20220124-12:01:56,24.999282836914062,23.78045654296875,0.0686233639717102,0.0880536362528801
20220124-12:02:11,24.998825073242188,23.178802490234375,0.17509417235851288,0.11492642015218735
20220124-12:02:26,25.000228881835938,22.70367431640625,0.19498950242996216,0.12336242944002151
20220124-12:02:41,24.999496459960938,22.413604736328125,0.24166423082351685,0.14224272966384888
20220124-12:02:56,24.998733520507812,22.22674560546875,0.25946006178855896,0.14896449446678162
20220124-12:03:12,24.999496459960938,22.08795166015625,0.2823604345321655,0.15757429599761963
20220124-12:03:27,24.999496459960938,21.979248046875,0.28951403498649597,0.16011521220207214
20220124-12:03:42,24.999496459960938,21.838348388671875,0.33892422914505005,0.17530599236488342
20220124-12:03:57,25.000167846679688,21.771881103515625,0.31722840666770935,0.17015524208545685
20220124-12:04:12,24.999710083007812,21.659210205078125,0.3377395272254944,0.1772116720676422
20220124-12:04:27,25.000442504882812,21.615936279296875,0.32407236099243164,0.17289726436138153
20220124-12:04:42,24.999435424804688,21.4849853515625,0.3799123764038086,0.19231179356575012
