20220120-12:33:33,24.316085815429688,22.81494140625,-0.002781143644824624,0.06649037450551987
20220120-12:33:48,24.051162719726562,23.056610107421875,-0.002880707150325179,0.06295682489871979
20220120-12:34:04,23.849624633789062,23.180877685546875,-0.002850037068128586,0.061448320746421814
20220120-12:34:19,23.994338989257812,22.448211669921875,1.5749940872192383,0.45560693740844727
20220120-12:34:34,25.878402709960938,19.5166015625,2.1938233375549316,0.6480340361595154
20220120-12:34:49,28.159286499023438,17.235076904296875,2.702422618865967,0.8130214810371399
20220120-12:35:04,30.427658081054688,15.977752685546875,3.0623788833618164,0.932681143283844
20220120-12:35:19,32.69422912597656,15.289642333984375,3.3224258422851562,1.0243784189224243
20220120-12:35:34,34.96199035644531,14.95989990234375,3.5515363216400146,1.1081798076629639
20220120-12:35:49,37.22618103027344,14.800262451171875,3.785999298095703,1.1919599771499634
20220120-12:36:04,39.48854064941406,14.814056396484375,3.957444429397583,1.262534499168396
20220120-12:36:19,41.75886535644531,14.887359619140625,4.13786506652832,1.3355300426483154
20220120-12:36:35,44.02482604980469,14.986419677734375,4.300490856170654,1.400334358215332
20220120-12:36:50,46.28236389160156,15.142425537109375,4.524176120758057,1.4865118265151978
20220120-12:37:05,48.55693054199219,15.314483642578125,4.579922199249268,1.5238423347473145
20220120-12:37:20,50.81336975097656,15.470123291015625,4.80289363861084,1.6082254648208618
20220120-12:37:35,53.06864929199219,15.795257568359375,4.993338584899902,1.6841847896575928
20220120-12:37:50,55.33430480957031,16.072021484375,5.056728839874268,1.7289600372314453
20220120-12:38:05,57.61479187011719,16.45648193359375,5.1006083488464355,1.7609784603118896
20220120-12:38:20,59.87669372558594,16.80987548828125,5.185976505279541,1.807364583015442
20220120-12:38:35,62.15251159667969,17.13531494140625,5.235001087188721,1.851113200187683
20220120-12:38:50,64.40657043457031,17.502838134765625,5.382368564605713,1.9194533824920654
20220120-12:39:06,66.65663146972656,17.8656005859375,5.522510528564453,1.9856805801391602
20220120-12:39:21,68.93281555175781,18.1708984375,5.540875434875488,2.018293857574463
20220120-12:39:36,71.19624328613281,18.597137451171875,5.69273042678833,2.08903431892395
20220120-12:39:51,73.46873474121094,18.957122802734375,5.701792240142822,2.119929075241089
20220120-12:40:06,73.97404479980469,20.269927978515625,4.055327415466309,1.6041955947875977
20220120-12:40:21,71.67109680175781,21.789306640625,3.514882802963257,1.4123635292053223
20220120-12:40:36,69.40135192871094,22.695770263671875,3.171701669692993,1.2833125591278076
20220120-12:40:51,67.13667297363281,23.255340576171875,2.777463436126709,1.1422133445739746
20220120-12:41:06,64.86982727050781,23.517822265625,4.203767776489258,1.5310883522033691
20220120-12:41:22,65.00059509277344,21.90338134765625,3.7583417892456055,1.418761134147644
20220120-12:41:37,64.99580383300781,21.18963623046875,3.9025795459747314,1.464058518409729
20220120-12:41:52,64.99363708496094,20.875091552734375,3.980536937713623,1.4887549877166748
20220120-12:42:07,65.00019836425781,20.67938232421875,3.950340747833252,1.4747692346572876
20220120-12:42:22,64.99583435058594,20.52044677734375,3.9700536727905273,1.486405372619629
20220120-12:42:37,63.61189270019531,21.55950927734375,2.749953508377075,1.1117185354232788
20220120-12:42:52,61.33311462402344,22.687347412109375,2.4462223052978516,0.9957632422447205
20220120-12:43:07,59.07551574707031,23.438140869140625,2.007817029953003,0.848598837852478
20220120-12:43:22,56.81016540527344,23.937530517578125,1.7142508029937744,0.7449891567230225
20220120-12:43:37,54.54850769042969,24.36968994140625,1.382297158241272,0.6317271590232849
20220120-12:43:53,52.27168273925781,24.989013671875,1.184740424156189,0.5549538731575012
20220120-12:44:08,49.99568176269531,25.430267333984375,1.057445764541626,0.49779412150382996
20220120-12:44:23,47.74293518066406,25.914642333984375,0.612358570098877,0.3567624092102051
20220120-12:44:38,45.48768615722656,26.3624267578125,0.1622900664806366,0.21557848155498505
20220120-12:44:53,43.22303771972656,27.13604736328125,-0.14398065209388733,0.10822480916976929
20220120-12:45:08,40.96406555175781,28.0089111328125,-0.419657438993454,0.012620782479643822
20220120-12:45:23,38.68659973144531,28.92596435546875,-0.6178011298179626,-0.06467713415622711
20220120-12:45:38,36.43351745605469,30.141937255859375,-1.2177717685699463,-0.24985304474830627
20220120-12:45:53,34.16801452636719,31.515899658203125,-1.745224118232727,-0.42245063185691833
20220120-12:46:08,31.901199340820312,33.3841552734375,-2.3440449237823486,-0.615947961807251
20220120-12:46:23,29.639114379882812,36.144287109375,-3.078674554824829,-0.8656474351882935
20220120-12:46:39,27.368728637695312,39.876861572265625,-3.9332220554351807,-1.1532055139541626
20220120-12:46:54,25.107223510742188,46.9676513671875,-5.846930980682373,-1.8077757358551025
20220120-12:47:09,24.984848022460938,42.139251708984375,-2.10495924949646,-0.6799812912940979
20220120-12:47:24,24.997299194335938,36.109283447265625,-1.4113833904266357,-0.4317571222782135
20220120-12:47:39,24.999038696289062,31.49969482421875,-0.8477058410644531,-0.23496882617473602
20220120-12:47:54,24.997756958007812,28.364044189453125,-0.45868605375289917,-0.1051655188202858
20220120-12:48:09,24.998062133789062,26.24884033203125,-0.22099116444587708,-0.02592439018189907
20220120-12:48:24,24.999496459960938,25.27044677734375,-0.14472979307174683,0.0026346829254180193
20220120-12:48:39,24.999496459960938,24.602569580078125,-0.056286171078681946,0.030129171907901764
20220120-12:48:54,24.999496459960938,23.950103759765625,0.0239119753241539,0.055645186454057693
20220120-12:49:10,24.997970581054688,23.640777587890625,0.11051835119724274,0.0806729644536972
20220120-12:49:25,24.999710083007812,23.264312744140625,0.11484284698963165,0.08419059962034225
20220120-12:49:40,24.999710083007812,23.1319580078125,0.14355196058750153,0.09339941293001175
20220120-12:49:55,24.999557495117188,23.018524169921875,0.16813524067401886,0.10037589073181152
20220120-12:50:10,24.998519897460938,23.017791748046875,0.20185434818267822,0.10863485932350159
20220120-12:50:25,25.001846313476562,23.006866455078125,0.17903871834278107,0.10314766317605972
20220120-12:50:40,25.001113891601562,22.92974853515625,0.17339631915092468,0.10815832763910294
20220120-12:50:55,24.999069213867188,22.82305908203125,0.20942461490631104,0.11251257359981537
20220120-12:51:10,25.000442504882812,22.764129638671875,0.21843133866786957,0.11621565371751785
20220120-12:51:25,24.999191284179688,22.74627685546875,0.2237972468137741,0.11784616857767105
20220120-12:51:41,24.999649047851562,22.696929931640625,0.2582419514656067,0.12629446387290955
20220120-12:51:56,25.000717163085938,22.61767578125,0.23110246658325195,0.11963166296482086
20220120-12:52:11,25.000930786132812,22.506988525390625,0.2293519824743271,0.12073640525341034
20220120-12:52:26,25.000534057617188,22.441009521484375,0.2905546724796295,0.13581952452659607
20220120-12:52:41,24.998519897460938,22.439422607421875,0.3009905517101288,0.13865819573402405
20220120-12:52:56,24.999710083007812,22.467926025390625,0.2798088788986206,0.13440172374248505
20220120-12:53:11,24.999496459960938,22.463623046875,0.28903910517692566,0.13572321832180023
20220120-12:53:26,24.998794555664062,22.33209228515625,0.30917805433273315,0.14516055583953857
20220120-12:53:41,24.998367309570312,22.312774658203125,0.3099517524242401,0.1424444019794464
