20220121-17:40:24,25.820388793945312,23.171539306640625,-0.004013901576399803,0.07636482268571854
20220121-17:40:39,24.992935180664062,25.16314697265625,-0.041460804641246796,0.032178860157728195
20220121-17:40:54,25.817886352539062,22.67437744140625,-4.550290584564209,-1.4000027179718018
20220121-17:41:09,25.965164184570312,24.28631591796875,2.287550926208496,0.7907921671867371
20220121-17:41:25,28.992019653320312,18.3309326171875,3.1960062980651855,1.1428731679916382
20220121-17:41:40,32.01469421386719,15.25103759765625,3.6828367710113525,1.3501921892166138
20220121-17:41:55,35.03468322753906,13.867431640625,4.0026774406433105,1.4883722066879272
20220121-17:42:10,38.05397033691406,13.30755615234375,4.256027698516846,1.6059931516647339
20220121-17:42:25,41.07466125488281,13.151580810546875,4.464519023895264,1.7077010869979858
20220121-17:42:40,44.09107971191406,13.250732421875,4.669293403625488,1.811873197555542
20220121-17:42:55,43.85667419433594,15.951263427734375,1.5892621278762817,0.7521689534187317
20220121-17:43:10,41.58293151855469,19.42742919921875,0.7912389039993286,0.4511830508708954
20220121-17:43:25,39.31538391113281,22.561065673828125,0.14677828550338745,0.20263849198818207
20220121-17:43:40,37.05342102050781,25.206939697265625,-0.40381401777267456,-0.0119595006108284
20220121-17:43:56,34.78468322753906,27.694854736328125,-0.9462438821792603,-0.22480498254299164
20220121-17:44:11,32.52189636230469,30.304901123046875,-1.6038912534713745,-0.4826892614364624
20220121-17:44:26,30.259536743164062,33.34478759765625,-2.3728461265563965,-0.7827566862106323
20220121-17:44:41,27.996047973632812,37.523406982421875,-3.3777968883514404,-1.195164680480957
20220121-17:44:56,25.937820434570312,43.099609375,-3.746460437774658,-1.400001049041748
20220121-17:45:11,24.939468383789062,44.001983642578125,-1.7481589317321777,-0.6887240409851074
20220121-17:45:26,24.994155883789062,37.486236572265625,-1.0798678398132324,-0.4041929543018341
20220121-17:45:41,24.997268676757812,32.65673828125,-0.606830358505249,-0.20539040863513947
20220121-17:45:56,24.998123168945312,29.22491455078125,-0.3132408857345581,-0.08211471885442734
20220121-17:46:11,25.141220092773438,26.530029296875,2.8656506538391113,0.9494454264640808
20220121-17:46:26,28.347610473632812,19.871856689453125,2.983720064163208,1.060573697090149
20220121-17:46:42,31.372879028320312,16.16961669921875,3.5195536613464355,1.2852681875228882
20220121-17:46:57,34.39143371582031,14.32366943359375,3.9202606678009033,1.4543360471725464
20220121-17:47:12,37.41304016113281,13.46929931640625,4.166728496551514,1.5711225271224976
20220121-17:47:27,40.43013000488281,13.2784423828125,4.422577381134033,1.6876403093338013
20220121-17:47:42,43.45002746582031,13.373138427734375,4.596677780151367,1.7832573652267456
20220121-17:47:57,46.46647644042969,13.525787353515625,4.790696144104004,1.886535882949829
20220121-17:48:12,49.48390197753906,13.79034423828125,4.940569877624512,2.0415098667144775
20220121-17:48:27,52.50706481933594,14.093841552734375,5.116959571838379,2.154137134552002
20220121-17:48:42,55.52766418457031,14.405487060546875,5.262221813201904,2.240626811981201
20220121-17:48:57,58.54441833496094,14.79473876953125,5.403957366943359,2.307647466659546
20220121-17:49:13,61.56431579589844,15.28143310546875,5.544236183166504,2.3677268028259277
20220121-17:49:28,64.57112121582031,15.886322021484375,5.65545654296875,2.399979591369629
20220121-17:49:43,67.29646301269531,16.6029052734375,5.522378444671631,2.3999857902526855
20220121-17:49:58,69.62245178222656,17.320281982421875,5.467173099517822,2.3999979496002197
20220121-17:50:13,71.67872619628906,18.02691650390625,5.417896270751953,2.399991750717163
20220121-17:50:28,73.49964904785156,18.750732421875,5.371461391448975,2.3999900817871094
20220121-17:50:43,75.11631774902344,19.34246826171875,5.332503795623779,2.400006055831909
20220121-17:50:58,72.80500793457031,22.1097412109375,2.874799966812134,1.4124103784561157
20220121-17:51:13,69.78132629394531,24.017822265625,2.36543345451355,1.188820719718933
20220121-17:51:28,66.75373840332031,25.241668701171875,2.020190954208374,1.0270942449569702
20220121-17:51:44,64.98933410644531,24.772491455078125,3.3793320655822754,1.5121724605560303
20220121-17:51:59,64.99421691894531,22.88116455078125,3.6433074474334717,1.6203397512435913
20220121-17:52:14,62.81098937988281,23.74981689453125,2.1760334968566895,1.0618292093276978
20220121-17:52:29,60.54365539550781,24.522735595703125,1.9144479036331177,0.9459829330444336
20220121-17:52:44,58.27857971191406,25.03948974609375,1.6457980871200562,0.8303754329681396
20220121-17:52:59,56.00038146972656,25.4984130859375,1.3610345125198364,0.7136558294296265
20220121-17:53:14,53.73304748535156,26.005340576171875,1.1355245113372803,0.6139681935310364
20220121-17:53:29,51.46818542480469,26.387969970703125,0.8561038374900818,0.5018274784088135
20220121-17:53:44,49.20686340332031,26.985687255859375,0.5821587443351746,0.3845873773097992
20220121-17:54:00,46.94163513183594,27.534881591796875,0.27542510628700256,0.2616681456565857
20220121-17:54:15,44.67433166503906,28.334686279296875,0.025665896013379097,0.15619197487831116
20220121-17:54:30,42.41654968261719,29.39569091796875,-0.4584368169307709,-0.028111672028899193
20220121-17:54:45,40.14875793457031,30.48291015625,-0.7941007614135742,-0.16618554294109344
20220121-17:55:00,37.88664245605469,31.65325927734375,-1.2248916625976562,-0.33949124813079834
20220121-17:55:15,35.62165832519531,33.3326416015625,-1.722867488861084,-0.5380435585975647
20220121-17:55:30,33.36091613769531,35.7069091796875,-2.388974666595459,-0.8034489750862122
20220121-17:55:45,31.098739624023438,39.2076416015625,-3.273986339569092,-1.1706910133361816
20220121-17:56:00,28.980392456054688,44.4722900390625,-3.700371742248535,-1.4000025987625122
20220121-17:56:15,27.490402221679688,46.716156005859375,-3.6176576614379883,-1.4000027179718018
20220121-17:56:30,26.294021606445312,47.36431884765625,-3.591052770614624,-1.3999971151351929
20220121-17:56:46,25.259933471679688,47.44427490234375,-3.5793228149414062,-1.3999931812286377
20220121-17:57:01,24.996383666992188,43.536468505859375,-1.8742469549179077,-0.7351870536804199
20220121-17:57:16,24.993942260742188,37.613128662109375,-1.1336238384246826,-0.4263799488544464
20220121-17:57:31,24.996719360351562,32.935577392578125,-0.7281702160835266,-0.2500956356525421
20220121-17:57:46,24.998458862304688,29.67742919921875,-0.4535202383995056,-0.13270053267478943
20220121-17:58:01,25.000595092773438,27.499237060546875,-0.2626514434814453,-0.053983476012945175
