20220124-11:28:26,24.244186401367188,22.408355712890625,-0.003884125268086791,0.06964969635009766
20220124-11:28:41,24.024215698242188,22.532501220703125,-0.0038145449943840504,0.06670232862234116
20220124-11:28:56,23.831344604492188,22.533233642578125,-0.0037772373761981726,0.06535067409276962
20220124-11:29:11,23.659286499023438,22.528472900390625,-0.0038511662278324366,0.06445392221212387
20220124-11:29:26,23.508346557617188,22.541748046875,-0.0038594058714807034,0.06362917274236679
20220124-11:29:41,23.371810913085938,22.49920654296875,-0.003949127625674009,0.06298961490392685
20220124-11:29:56,23.327529907226562,22.51531982421875,2.48069167137146,0.8361196517944336
20220124-11:30:12,25.025161743164062,19.2894287109375,0.7469536662101746,0.3241049349308014
20220124-11:30:27,25.000534057617188,19.82696533203125,0.6036093235015869,0.2762610614299774
20220124-11:30:42,25.000747680664062,20.107940673828125,0.5687940716743469,0.2539730966091156
20220124-11:30:57,25.000381469726562,20.274932861328125,0.5396483540534973,0.249579057097435
20220124-11:31:12,24.999923706054688,20.372283935546875,0.546586811542511,0.25360438227653503
20220124-11:31:27,25.000137329101562,20.441497802734375,0.5154839158058167,0.24388889968395233
20220124-11:31:42,25.001968383789062,20.494964599609375,0.46376869082450867,0.2258719503879547
20220124-11:31:57,24.999893188476562,20.5511474609375,0.5017831921577454,0.23711860179901123
20220124-11:32:12,24.999954223632812,20.582611083984375,0.49932947754859924,0.23734164237976074
20220124-11:32:27,24.999710083007812,20.580230712890625,0.5221295356750488,0.2427043914794922
20220124-11:32:43,24.999984741210938,20.51007080078125,0.5159710645675659,0.242270827293396
20220124-11:32:58,25.001388549804688,20.47576904296875,0.48861753940582275,0.23471805453300476
20220124-11:33:13,25.000076293945312,20.464691162109375,0.5343231558799744,0.24811165034770966
20220124-11:33:28,24.999923706054688,20.475311279296875,0.5305581092834473,0.24872927367687225
20220124-11:33:43,24.999557495117188,20.496551513671875,0.5227231979370117,0.2433689683675766
20220124-11:33:58,26.293075561523438,18.505828857421875,2.409327983856201,0.8694344758987427
20220124-11:34:13,28.562423706054688,15.76593017578125,2.8984968662261963,1.0605088472366333
20220124-11:34:28,30.828750610351562,14.169525146484375,3.225787878036499,1.1956418752670288
20220124-11:34:43,33.09199523925781,13.2855224609375,3.49643874168396,1.3146312236785889
20220124-11:34:58,35.35578918457031,12.912567138671875,3.7121422290802,1.4101548194885254
20220124-11:35:14,37.63639831542969,12.769287109375,3.885533571243286,1.4908864498138428
20220124-11:35:29,39.89860534667969,12.836822509765625,4.033445835113525,1.5696219205856323
20220124-11:35:44,42.16474914550781,12.984832763671875,4.200888633728027,1.6381936073303223
20220124-11:35:59,44.42799377441406,13.20257568359375,4.327398300170898,1.7125117778778076
20220124-11:36:14,46.69142150878906,13.492523193359375,4.447203159332275,1.7777067422866821
20220124-11:36:29,48.95335388183594,13.728759765625,4.600600719451904,1.855065941810608
20220124-11:36:44,51.21803283691406,14.024505615234375,4.710987567901611,1.9214439392089844
20220124-11:36:59,53.47962951660156,14.356719970703125,4.841177940368652,1.9901702404022217
20220124-11:37:14,55.74574279785156,14.6968994140625,4.946503162384033,2.056514263153076
20220124-11:37:29,58.01341247558594,15.0941162109375,5.027478218078613,2.1186795234680176
20220124-11:37:45,60.27613830566406,15.518218994140625,5.153560638427734,2.177478075027466
20220124-11:38:00,62.54042053222656,15.922088623046875,5.232125759124756,2.2322285175323486
20220124-11:38:15,64.80375671386719,16.349578857421875,5.345845699310303,2.2965757846832275
20220124-11:38:30,67.06697082519531,16.749114990234375,5.436898231506348,2.34853196144104
20220124-11:38:45,69.32896423339844,17.18817138671875,5.511991500854492,2.3989298343658447
20220124-11:39:00,71.46513366699219,17.704193115234375,5.48197603225708,2.399996042251587
20220124-11:39:15,73.33036804199219,18.229095458984375,5.446786880493164,2.3999874591827393
20220124-11:39:30,74.98774719238281,18.76190185546875,5.405677795410156,2.3999955654144287
20220124-11:39:45,73.61378479003906,20.86151123046875,3.436275005340576,1.6220742464065552
20220124-11:40:00,71.35093688964844,22.2718505859375,3.069243907928467,1.4574105739593506
20220124-11:40:16,69.07344055175781,23.15057373046875,2.743119716644287,1.3154339790344238
20220124-11:40:31,66.80403137207031,23.651641845703125,2.561103105545044,1.2126438617706299
20220124-11:40:46,64.89921569824219,23.749725341796875,3.576218366622925,1.5664602518081665
20220124-11:41:01,64.99467468261719,22.0107421875,3.697974681854248,1.6262998580932617
20220124-11:41:16,64.99964904785156,21.024627685546875,3.7599198818206787,1.65181303024292
20220124-11:41:31,62.98127746582031,22.287261962890625,2.303699493408203,1.1063803434371948
20220124-11:41:46,60.71543884277344,23.396087646484375,1.9676052331924438,0.9635486602783203
20220124-11:42:01,58.45185852050781,24.13232421875,1.7170687913894653,0.8552581667900085
20220124-11:42:16,56.19078063964844,24.5670166015625,1.4376599788665771,0.7387202382087708
20220124-11:42:31,53.92247009277344,25.08526611328125,1.1873074769973755,0.6323803663253784
20220124-11:42:47,51.65870666503906,25.401336669921875,0.9276462197303772,0.5277539491653442
20220124-11:43:02,49.39427185058594,25.96868896484375,0.6484115719795227,0.4116854965686798
20220124-11:43:17,47.12757873535156,26.5977783203125,0.3964623510837555,0.3047153353691101
20220124-11:43:32,44.86381530761719,27.3232421875,0.07500619441270828,0.17928826808929443
20220124-11:43:47,42.60606384277344,28.133575439453125,-0.297595739364624,0.03572670742869377
20220124-11:44:02,40.33863830566406,29.113372802734375,-0.6557587385177612,-0.10590143501758575
20220124-11:44:17,38.07347106933594,30.48321533203125,-1.133800983428955,-0.28937530517578125
20220124-11:44:32,35.80989074707031,32.3800048828125,-1.6312060356140137,-0.49060723185539246
20220124-11:44:47,33.55131530761719,34.731658935546875,-2.276261329650879,-0.7459494471549988
20220124-11:45:02,31.280502319335938,37.863555908203125,-3.0492444038391113,-1.060653567314148
20220124-11:45:17,29.192306518554688,41.693695068359375,-3.297332763671875,-1.2000067234039307
20220124-11:45:33,27.659988403320312,43.294342041015625,-3.236478328704834,-1.199998378753662
20220124-11:45:48,26.398757934570312,43.709381103515625,-3.211578607559204,-1.200005054473877
20220124-11:46:03,25.301406860351562,43.655792236328125,-3.20076847076416,-1.199984073638916
20220124-11:46:18,24.995956420898438,40.0208740234375,-1.5420758724212646,-0.5781151056289673
