20211208-20:01:55,23.054214477539062,23.4520263671875,-0.005885239224880934,0.05592098832130432
20211208-20:02:10,23.072982788085938,23.263519287109375,3.2601611614227295,0.8850884437561035
20211208-20:02:25,26.297958374023438,16.465850830078125,3.013009548187256,0.8886070251464844
20211208-20:02:40,29.331161499023438,13.04425048828125,3.456648826599121,1.0442862510681152
20211208-20:02:55,32.34333801269531,11.47283935546875,3.7659966945648193,1.1585758924484253
20211208-20:03:10,35.36070251464844,10.920928955078125,3.989471435546875,1.2509793043136597
20211208-20:03:25,38.37004089355469,10.85992431640625,4.207170009613037,1.3397783041000366
20211208-20:03:41,41.37785339355469,11.010955810546875,4.394801139831543,1.4198077917099
20211208-20:03:56,44.41535949707031,11.285858154296875,4.496886730194092,1.4782545566558838
20211208-20:04:11,47.42131042480469,11.6419677734375,4.724860668182373,1.5697721242904663
20211208-20:04:26,50.46372985839844,12.0372314453125,4.771460056304932,1.6146161556243896
20211208-20:04:41,53.45359802246094,12.555419921875,5.035619258880615,1.7196882963180542
20211208-20:04:56,56.49592590332031,13.178436279296875,5.095905780792236,1.7682807445526123
20211208-20:05:11,59.51438903808594,13.8914794921875,5.160296440124512,1.8182481527328491
20211208-20:05:26,62.54109191894531,14.5430908203125,5.4054274559021,1.9229493141174316
20211208-20:05:41,65.25044250488281,15.604827880859375,3.2428762912750244,1.3107365369796753
20211208-20:05:56,63.77128601074219,20.01275634765625,1.7337143421173096,0.8420314192771912
20211208-20:06:12,60.74082946777344,24.54681396484375,1.194542407989502,0.6421652436256409
20211208-20:06:27,57.70555114746094,27.532318115234375,0.6733134388923645,0.45439469814300537
20211208-20:06:42,54.69322204589844,29.817413330078125,0.19672991335391998,0.28574979305267334
20211208-20:06:57,51.67732238769531,31.919403076171875,-0.25414058566093445,0.12683814764022827
20211208-20:07:12,48.65403747558594,33.94635009765625,-0.8230701684951782,-0.07180259376764297
20211208-20:07:27,45.63822937011719,36.327484130859375,-1.3613412380218506,-0.2538570165634155
20211208-20:07:42,42.61036682128906,38.97650146484375,-2.0033557415008545,-0.47127556800842285
20211208-20:07:57,39.60417175292969,42.519500732421875,-2.8286709785461426,-0.7511427402496338
20211208-20:08:12,36.57389831542969,47.633697509765625,-3.8410489559173584,-1.1085015535354614
20211208-20:08:27,33.56974792480469,56.863922119140625,-5.783181190490723,-1.81050443649292
20211208-20:08:43,31.211410522460938,71.73147583007812,-6.130945682525635,-2.1000030040740967
20211208-20:08:58,29.953903198242188,77.59176635742188,-5.932514667510986,-2.09999418258667
20211208-20:09:13,29.005508422851562,79.42449951171875,-5.868131160736084,-2.1000077724456787
20211208-20:09:28,28.231369018554688,79.7283935546875,-5.853034973144531,-2.1000044345855713
20211208-20:09:43,27.542343139648438,79.7352294921875,-5.846697807312012,-2.099992513656616
20211208-20:09:58,26.849349975585938,79.41766357421875,-5.85210657119751,-2.1000070571899414
20211208-20:10:13,26.256240844726562,79.115966796875,-5.853911876678467,-2.099980354309082
20211208-20:10:28,25.719955444335938,79.08834838867188,-5.855638027191162,-2.100004196166992
20211208-20:10:43,25.189865112304688,78.80062866210938,-5.858604907989502,-2.0999951362609863
